periods 1
begin filament
mirror NIL
7.46332097e+00 4.70278934e-01 -8.37753629e-02 1.62000000e+06
7.33635753e+00 4.58196623e-01 -9.56724227e-03 1.62000000e+06
7.04938251e+00 4.37894348e-01 4.44160429e-02 1.62000000e+06
6.84334430e+00 4.25007745e-01 6.01733512e-02 1.62000000e+06
6.83935312e+00 4.25821207e-01 5.44952224e-02 1.62000000e+06
6.94732798e+00 4.33121003e-01 5.50130945e-02 1.62000000e+06
7.00375819e+00 4.36312345e-01 7.13466149e-02 1.62000000e+06
6.95696079e+00 4.32927078e-01 9.17768219e-02 1.62000000e+06
6.89061163e+00 4.28867314e-01 1.03251818e-01 1.62000000e+06
6.89109671e+00 4.29336852e-01 1.07338373e-01 1.62000000e+06
6.94218850e+00 4.32704946e-01 1.14851015e-01 1.62000000e+06
6.96618168e+00 4.33943988e-01 1.30253767e-01 1.62000000e+06
6.93388818e+00 4.31640940e-01 1.47082387e-01 1.62000000e+06
6.89421207e+00 4.29212732e-01 1.58177611e-01 1.62000000e+06
6.89841435e+00 4.29707281e-01 1.65192922e-01 1.62000000e+06
6.93217578e+00 4.31838164e-01 1.75136873e-01 1.62000000e+06
6.94310550e+00 4.32258953e-01 1.90277926e-01 1.62000000e+06
6.91548715e+00 4.30294040e-01 2.05633555e-01 1.62000000e+06
6.88741540e+00 4.28552936e-01 2.16500803e-01 1.62000000e+06
6.89362345e+00 4.29054852e-01 2.24804946e-01 1.62000000e+06
6.91851306e+00 4.30537879e-01 2.35805167e-01 1.62000000e+06
6.92202213e+00 4.30482523e-01 2.50553178e-01 1.62000000e+06
6.89669465e+00 4.28677869e-01 2.64775357e-01 1.62000000e+06
6.87539427e+00 4.27330655e-01 2.75173434e-01 1.62000000e+06
6.88291949e+00 4.27837976e-01 2.83898824e-01 1.62000000e+06
6.90220253e+00 4.28909053e-01 2.95161739e-01 1.62000000e+06
6.90075865e+00 4.28535754e-01 3.09208971e-01 1.62000000e+06
6.87689036e+00 4.26835125e-01 3.22196825e-01 1.62000000e+06
6.86030875e+00 4.25765317e-01 3.31778613e-01 1.62000000e+06
6.86888809e+00 4.26288232e-01 3.40290364e-01 1.62000000e+06
6.88420840e+00 4.27072669e-01 3.51210521e-01 1.62000000e+06
6.87914317e+00 4.26473708e-01 3.64187140e-01 1.62000000e+06
6.85642576e+00 4.24862615e-01 3.75677164e-01 1.62000000e+06
6.84358930e+00 4.24022277e-01 3.84054742e-01 1.62000000e+06
6.85316100e+00 4.24577646e-01 3.91813497e-01 1.62000000e+06
6.86548412e+00 4.25154425e-01 4.01865820e-01 1.62000000e+06
6.85761276e+00 4.24392090e-01 4.13373994e-01 1.62000000e+06
6.83596570e+00 4.22874463e-01 4.23027206e-01 1.62000000e+06
6.82641864e+00 4.22248544e-01 4.29793207e-01 1.62000000e+06
6.83703102e+00 4.22857166e-01 4.36307325e-01 1.62000000e+06
6.84697916e+00 4.23281795e-01 4.45008061e-01 1.62000000e+06
6.83683809e+00 4.22402167e-01 4.54634926e-01 1.62000000e+06
6.81629912e+00 4.20991614e-01 4.62070870e-01 1.62000000e+06
6.80987867e+00 4.20583664e-01 4.66807010e-01 1.62000000e+06
6.82164975e+00 4.21268974e-01 4.71612838e-01 1.62000000e+06
6.82964128e+00 4.21583014e-01 4.78503139e-01 1.62000000e+06
6.81759046e+00 4.20621906e-01 4.85826354e-01 1.62000000e+06
6.79826888e+00 4.19337981e-01 4.90637826e-01 1.62000000e+06
6.79500729e+00 4.19163923e-01 4.92918629e-01 1.62000000e+06
6.80810739e+00 4.19951440e-01 4.95571914e-01 1.62000000e+06
6.81441756e+00 4.20186642e-01 5.00210723e-01 1.62000000e+06
6.80068331e+00 4.19172088e-01 5.04800802e-01 1.62000000e+06
6.78273954e+00 4.18038673e-01 5.06559893e-01 1.62000000e+06
6.78282591e+00 4.18124380e-01 5.05954179e-01 1.62000000e+06
6.79747344e+00 4.19041629e-01 5.06027035e-01 1.62000000e+06
6.80225479e+00 4.19221327e-01 5.07988854e-01 1.62000000e+06
6.78693852e+00 4.18174077e-01 5.09409657e-01 1.62000000e+06
6.77057744e+00 4.17218917e-01 5.07668605e-01 1.62000000e+06
6.77435773e+00 4.17600206e-01 5.03739583e-01 1.62000000e+06
6.79082604e+00 4.18677103e-01 5.00821354e-01 1.62000000e+06
6.79409993e+00 4.18815615e-01 4.99697662e-01 1.62000000e+06
6.77715732e+00 4.17747919e-01 4.97505313e-01 1.62000000e+06
6.76263175e+00 4.17003044e-01 4.91792633e-01 1.62000000e+06
6.77064700e+00 4.17728089e-01 4.84096648e-01 1.62000000e+06
6.78928598e+00 4.18997979e-01 4.77799116e-01 1.62000000e+06
6.79090054e+00 4.19097709e-01 4.73204209e-01 1.62000000e+06
6.77207980e+00 4.18009699e-01 4.66943840e-01 1.62000000e+06
6.75970599e+00 4.17512970e-01 4.56753584e-01 1.62000000e+06
6.77279030e+00 4.18648506e-01 4.44836829e-01 1.62000000e+06
6.79407583e+00 4.20150505e-01 4.34806815e-01 1.62000000e+06
6.79360555e+00 4.20195005e-01 4.26391562e-01 1.62000000e+06
6.77230552e+00 4.19066402e-01 4.15589822e-01 1.62000000e+06
6.76249901e+00 4.18865078e-01 4.00356951e-01 1.62000000e+06
6.78200464e+00 4.20510638e-01 3.83747957e-01 1.62000000e+06
6.80665445e+00 4.22295133e-01 3.69696464e-01 1.62000000e+06
6.80316710e+00 4.22233023e-01 3.57180410e-01 1.62000000e+06
6.77809643e+00 4.21003189e-01 3.41327465e-01 1.62000000e+06
6.77145256e+00 4.21162171e-01 3.20367993e-01 1.62000000e+06
6.79981135e+00 4.23485593e-01 2.98559227e-01 1.62000000e+06
6.82909703e+00 4.25629281e-01 2.80336623e-01 1.62000000e+06
6.82054576e+00 4.25332222e-01 2.63592920e-01 1.62000000e+06
6.78876374e+00 4.23843997e-01 2.42091813e-01 1.62000000e+06
6.78625076e+00 4.24467148e-01 2.14430129e-01 1.62000000e+06
6.82867716e+00 4.27812192e-01 1.86824177e-01 1.62000000e+06
6.86550574e+00 4.30471376e-01 1.64662470e-01 1.62000000e+06
6.84672974e+00 4.29595586e-01 1.44004407e-01 1.62000000e+06
6.80001486e+00 4.27382325e-01 1.15979495e-01 1.62000000e+06
6.80344898e+00 4.28678604e-01 7.96640615e-02 1.62000000e+06
6.87540448e+00 4.34035914e-01 4.53565102e-02 1.62000000e+06
6.93046631e+00 4.37760830e-01 2.10677150e-02 1.62000000e+06
6.88284946e+00 4.35027183e-01 -1.18950977e-03 1.62000000e+06
6.78139435e+00 4.29764567e-01 -3.82663207e-02 1.62000000e+06
6.79047167e+00 4.32158269e-01 -9.17571341e-02 1.62000000e+06
7.00556952e+00 4.46680760e-01 -1.35680139e-01 1.62000000e+06
7.31059679 0.46443461 -0.1357626 0.0 1 Modular 
6.74626165e+00 -9.64756859e-01 -5.17110594e-02 1.62000000e+06
6.99305342e+00 7.53034526e-01 2.59558106e-02 1.62000000e+06
6.90526492e+00 1.69859783e+00 1.14755701e-01 1.62000000e+06
6.69822732e+00 1.70487584e+00 1.79809506e-01 1.62000000e+06
6.60680465e+00 1.31259927e+00 2.20566057e-01 1.62000000e+06
6.66688194e+00 1.13499384e+00 2.59174917e-01 1.62000000e+06
6.74086514e+00 1.29161582e+00 3.10655205e-01 1.62000000e+06
6.71598334e+00 1.47300466e+00 3.69187105e-01 1.62000000e+06
6.62534597e+00 1.42931007e+00 4.21060990e-01 1.62000000e+06
6.57257245e+00 1.25265073e+00 4.63289233e-01 1.62000000e+06
6.58901255e+00 1.18263156e+00 5.04877608e-01 1.62000000e+06
6.60863319e+00 1.27308530e+00 5.52932987e-01 1.62000000e+06
6.57001339e+00 1.35779927e+00 6.03806086e-01 1.62000000e+06
6.49545328e+00 1.30412188e+00 6.49611483e-01 1.62000000e+06
6.44939902e+00 1.18227267e+00 6.89258029e-01 1.62000000e+06
6.44741034e+00 1.14339199e+00 7.28941915e-01 1.62000000e+06
6.44164362e+00 1.20681914e+00 7.72883103e-01 1.62000000e+06
6.39267699e+00 1.24993097e+00 8.17838280e-01 1.62000000e+06
6.32201436e+00 1.19002117e+00 8.58295049e-01 1.62000000e+06
6.27682252e+00 1.09266855e+00 8.94195387e-01 1.62000000e+06
6.26323658e+00 1.06772845e+00 9.30473324e-01 1.62000000e+06
6.24167989e+00 1.11459133e+00 9.69807011e-01 1.62000000e+06
6.18518963e+00 1.13236461e+00 1.00908897e+00 1.62000000e+06
6.11576809e+00 1.06717556e+00 1.04415075e+00 1.62000000e+06
6.07049220e+00 9.83298515e-01 1.07559883e+00 1.62000000e+06
6.04913795e+00 9.65624639e-01 1.10762046e+00 1.62000000e+06
6.01698580e+00 1.00008109e+00 1.14189192e+00 1.62000000e+06
5.95543043e+00 9.99326877e-01 1.17536291e+00 1.62000000e+06
5.88720356e+00 9.29131803e-01 1.20477025e+00 1.62000000e+06
5.84247356e+00 8.53487852e-01 1.23120340e+00 1.62000000e+06
5.81625037e+00 8.39772501e-01 1.25833350e+00 1.62000000e+06
5.77713461e+00 8.63774616e-01 1.28709982e+00 1.62000000e+06
5.71279878e+00 8.47834423e-01 1.31447811e+00 1.62000000e+06
5.64673747e+00 7.72659435e-01 1.33788821e+00 1.62000000e+06
5.60385172e+00 7.02368212e-01 1.35880406e+00 1.62000000e+06
5.57527201e+00 6.90732609e-01 1.38050040e+00 1.62000000e+06
5.53211792e+00 7.05243856e-01 1.40332332e+00 1.62000000e+06
5.46719386e+00 6.75855607e-01 1.42425949e+00 1.62000000e+06
5.40475873e+00 5.95613862e-01 1.44128944e+00 1.62000000e+06
5.36535683e+00 5.28970700e-01 1.45621626e+00 1.62000000e+06
5.33673794e+00 5.18267252e-01 1.47198485e+00 1.62000000e+06
5.29209093e+00 5.23723245e-01 1.48842828e+00 1.62000000e+06
5.22871473e+00 4.81746819e-01 1.50253529e+00 1.62000000e+06
5.17164412e+00 3.96290429e-01 1.51277951e+00 1.62000000e+06
5.13756982e+00 3.32277823e-01 1.52126390e+00 1.62000000e+06
5.11111371e+00 3.21797581e-01 1.53064002e+00 1.62000000e+06
5.06727979e+00 3.18303588e-01 1.54026898e+00 1.62000000e+06
5.00754771e+00 2.64034762e-01 1.54713529e+00 1.62000000e+06
4.95776530e+00 1.73177327e-01 1.55017312e+00 1.62000000e+06
4.93100686e+00 1.11252001e-01 1.55177460e+00 1.62000000e+06
4.90883480e+00 1.00597896e-01 1.55431463e+00 1.62000000e+06
4.86793968e+00 8.80123536e-02 1.55669476e+00 1.62000000e+06
4.81391383e+00 2.13121211e-02 1.55588959e+00 1.62000000e+06
4.77349284e+00 -7.51616869e-02 1.55128828e+00 1.62000000e+06
4.75616339e+00 -1.35144932e-01 1.54557759e+00 1.62000000e+06
4.74032795e+00 -1.46098825e-01 1.54085654e+00 1.62000000e+06
4.70432972e+00 -1.68144791e-01 1.53555374e+00 1.62000000e+06
4.65803595e+00 -2.47830197e-01 1.52662763e+00 1.62000000e+06
4.62919959e+00 -3.50162387e-01 1.51394246e+00 1.62000000e+06
4.62354697e+00 -4.07932088e-01 1.50050237e+00 1.62000000e+06
4.61602762e+00 -4.19017384e-01 1.48811576e+00 1.62000000e+06
4.58669001e+00 -4.51154025e-01 1.47469600e+00 1.62000000e+06
4.55010683e+00 -5.44871739e-01 1.45717685e+00 1.62000000e+06
4.53526534e+00 -6.53334920e-01 1.43594826e+00 1.62000000e+06
4.54371649e+00 -7.08079774e-01 1.41437764e+00 1.62000000e+06
4.54639676e+00 -7.18734347e-01 1.39394874e+00 1.62000000e+06
4.52520810e+00 -7.61959438e-01 1.37197765e+00 1.62000000e+06
4.50024042e+00 -8.71470586e-01 1.34536014e+00 1.62000000e+06
4.50208566e+00 -9.86380069e-01 1.31510653e+00 1.62000000e+06
4.52735202e+00 -1.03644943e+00 1.28502975e+00 1.62000000e+06
4.54196460e+00 -1.04548227e+00 1.25622657e+00 1.62000000e+06
4.52995136e+00 -1.10140613e+00 1.22526869e+00 1.62000000e+06
4.51837049e+00 -1.22969203e+00 1.18899003e+00 1.62000000e+06
4.54009316e+00 -1.35143330e+00 1.14919114e+00 1.62000000e+06
4.58541541e+00 -1.39364529e+00 1.11028009e+00 1.62000000e+06
4.61341510e+00 -1.39868811e+00 1.07285511e+00 1.62000000e+06
4.61069539e+00 -1.47011796e+00 1.03247158e+00 1.62000000e+06
4.61398784e+00 -1.62260829e+00 9.85852320e-01 1.62000000e+06
4.65982008e+00 -1.75170042e+00 9.35908388e-01 1.62000000e+06
4.72960931e+00 -1.77956443e+00 8.87940123e-01 1.62000000e+06
4.77184369e+00 -1.77562431e+00 8.41835662e-01 1.62000000e+06
4.77637730e+00 -1.86818710e+00 7.91575766e-01 1.62000000e+06
4.79527704e+00 -2.05628975e+00 7.33647156e-01 1.62000000e+06
4.87214207e+00 -2.19354856e+00 6.72758384e-01 1.62000000e+06
4.97410282e+00 -2.19157795e+00 6.15805712e-01 1.62000000e+06
5.02974277e+00 -2.16617149e+00 5.61511663e-01 1.62000000e+06
5.03264577e+00 -2.29430602e+00 5.00866400e-01 1.62000000e+06
5.06504061e+00 -2.54931594e+00 4.29675375e-01 1.62000000e+06
5.18981376e+00 -2.69631564e+00 3.56345793e-01 1.62000000e+06
5.34606115e+00 -2.61225673e+00 2.91765130e-01 1.62000000e+06
5.40724944e+00 -2.51897573e+00 2.32281636e-01 1.62000000e+06
5.35965574e+00 -2.74666057e+00 1.60131991e-01 1.62000000e+06
5.37746187e+00 -3.23268960e+00 6.69011129e-02 1.62000000e+06
5.66340718e+00 -3.38698795e+00 -2.53298034e-02 1.62000000e+06
6.20765708 -2.6095398 -0.0738392 0.0 1 Modular 
6.70790752e+00 -2.82856771e+00 1.29522476e-01 2.62000000e+06
6.56656439e+00 -2.78646667e+00 2.45743018e-02 2.62000000e+06
6.29730257e+00 -2.68047377e+00 -3.17836809e-02 2.62000000e+06
6.11630360e+00 -2.60129609e+00 -3.16943821e-02 2.62000000e+06
6.12199101e+00 -2.59716988e+00 -7.73985508e-03 2.62000000e+06
6.22401062e+00 -2.63651336e+00 4.12851861e-03 2.62000000e+06
6.27478909e+00 -2.65779307e+00 -3.02067514e-03 2.62000000e+06
6.23326504e+00 -2.64008432e+00 -1.12622383e-02 2.62000000e+06
6.17796278e+00 -2.61407203e+00 -6.17797758e-03 2.62000000e+06
6.18436440e+00 -2.61292163e+00 6.90665982e-03 2.62000000e+06
6.23421030e+00 -2.63149245e+00 1.41836611e-02 2.62000000e+06
6.25742228e+00 -2.64052923e+00 1.25401658e-02 2.62000000e+06
6.23061680e+00 -2.62824941e+00 1.15082102e-02 2.62000000e+06
6.19944525e+00 -2.61264189e+00 1.86914199e-02 2.62000000e+06
6.20846502e+00 -2.61345229e+00 3.00528599e-02 2.62000000e+06
6.24254085e+00 -2.62588858e+00 3.69136290e-02 2.62000000e+06
6.25469138e+00 -2.63015368e+00 3.81467971e-02 2.62000000e+06
6.23283312e+00 -2.61976136e+00 4.07594275e-02 2.62000000e+06
6.21219462e+00 -2.60881144e+00 4.94764465e-02 2.62000000e+06
6.22268815e+00 -2.61075905e+00 6.05351731e-02 2.62000000e+06
6.24869495e+00 -2.62015155e+00 6.76355725e-02 2.62000000e+06
6.25452939e+00 -2.62178472e+00 7.07941058e-02 2.62000000e+06
6.23512052e+00 -2.61239866e+00 7.57647115e-02 2.62000000e+06
6.22058275e+00 -2.60423104e+00 8.56170337e-02 2.62000000e+06
6.23200132e+00 -2.60696217e+00 9.66671734e-02 2.62000000e+06
6.25284218e+00 -2.61447580e+00 1.04048905e-01 2.62000000e+06
6.25437988e+00 -2.61438532e+00 1.08548343e-01 2.62000000e+06
6.23645879e+00 -2.60567326e+00 1.15139965e-01 2.62000000e+06
6.22607708e+00 -2.59946469e+00 1.25768504e-01 2.62000000e+06
6.23815783e+00 -2.60281165e+00 1.36768867e-01 2.62000000e+06
6.25523742e+00 -2.60901041e+00 1.44278609e-01 2.62000000e+06
6.25352124e+00 -2.60766417e+00 1.49662380e-01 2.62000000e+06
6.23664811e+00 -2.59947769e+00 1.57338798e-01 2.62000000e+06
6.22944282e+00 -2.59481324e+00 1.68398593e-01 2.62000000e+06
6.24206440e+00 -2.59869473e+00 1.79171436e-01 2.62000000e+06
6.25616040e+00 -2.60389134e+00 1.86573457e-01 2.62000000e+06
6.25178904e+00 -2.60155710e+00 1.92442157e-01 2.62000000e+06
6.23575251e+00 -2.59382740e+00 2.00759612e-01 2.62000000e+06
6.23120701e+00 -2.59048815e+00 2.11912105e-01 2.62000000e+06
6.24432743e+00 -2.59486963e+00 2.22211910e-01 2.62000000e+06
6.25590015e+00 -2.59924965e+00 2.29228449e-01 2.62000000e+06
6.24923234e+00 -2.59608716e+00 2.35213126e-01 2.62000000e+06
6.23394025e+00 -2.58878657e+00 2.43778341e-01 2.62000000e+06
6.23179985e+00 -2.58666450e+00 2.54688408e-01 2.62000000e+06
6.24542836e+00 -2.59154080e+00 2.64230158e-01 2.62000000e+06
6.25474963e+00 -2.59521433e+00 2.70558317e-01 2.62000000e+06
6.24599215e+00 -2.59131496e+00 2.76309020e-01 2.62000000e+06
6.23142498e+00 -2.58444057e+00 2.84761049e-01 2.62000000e+06
6.23160927e+00 -2.58350149e+00 2.95095724e-01 2.62000000e+06
6.24579425e+00 -2.58888929e+00 3.03567229e-01 2.62000000e+06
6.25300353e+00 -2.59191344e+00 3.08886303e-01 2.62000000e+06
6.24224801e+00 -2.58731683e+00 3.14067230e-01 2.62000000e+06
6.22843852e+00 -2.58088329e+00 3.22069955e-01 2.62000000e+06
6.23100725e+00 -2.58115239e+00 3.31497880e-01 2.62000000e+06
6.24583374e+00 -2.58708831e+00 3.38564232e-01 2.62000000e+06
6.25095703e+00 -2.58947480e+00 3.42538096e-01 2.62000000e+06
6.23818734e+00 -2.58417222e+00 3.46826423e-01 2.62000000e+06
6.22521430e+00 -2.57820925e+00 3.54067309e-01 2.62000000e+06
6.23036735e+00 -2.57977114e+00 3.62258601e-01 2.62000000e+06
6.24596291e+00 -2.58631442e+00 3.67561213e-01 2.62000000e+06
6.24890483e+00 -2.58802644e+00 3.69837074e-01 2.62000000e+06
6.23397904e+00 -2.58195277e+00 3.72924835e-01 2.62000000e+06
6.22197150e+00 -2.57650620e+00 3.79119291e-01 2.62000000e+06
6.23008296e+00 -2.57951934e+00 3.85745752e-01 2.62000000e+06
6.24663508e+00 -2.58676057e+00 3.88895476e-01 2.62000000e+06
6.24713995e+00 -2.58769729e+00 3.89098319e-01 2.62000000e+06
6.22973697e+00 -2.58070711e+00 3.90698358e-01 2.62000000e+06
6.21889128e+00 -2.57584378e+00 3.95602095e-01 2.62000000e+06
6.23059695e+00 -2.58057766e+00 4.00337877e-01 2.62000000e+06
6.24839262e+00 -2.58865878e+00 4.00898203e-01 2.62000000e+06
6.24595149e+00 -2.58861822e+00 3.98617618e-01 2.62000000e+06
6.22544826e+00 -2.58043098e+00 3.98477351e-01 2.62000000e+06
6.21606769e+00 -2.57625020e+00 4.01914756e-01 2.62000000e+06
6.23246594e+00 -2.58317057e+00 4.04437873e-01 2.62000000e+06
6.25198453e+00 -2.59233185e+00 4.01886156e-01 2.62000000e+06
6.24561942e+00 -2.59092481e+00 3.96645651e-01 2.62000000e+06
6.22079604e+00 -2.58099297e+00 3.94579789e-01 2.62000000e+06
6.21338068e+00 -2.57765181e+00 3.96512622e-01 2.62000000e+06
6.23653361e+00 -2.58763344e+00 3.96508488e-01 2.62000000e+06
6.25869844e+00 -2.59833938e+00 3.90136658e-01 2.62000000e+06
6.24639925e+00 -2.59476502e+00 3.81312844e-01 2.62000000e+06
6.21460845e+00 -2.58190327e+00 3.77293822e-01 2.62000000e+06
6.21007942e+00 -2.57967470e+00 3.78017890e-01 2.62000000e+06
6.24453254e+00 -2.59464678e+00 3.75188671e-01 2.62000000e+06
6.27159111e+00 -2.60802083e+00 3.63787371e-01 2.62000000e+06
6.24846297e+00 -2.60032895e+00 3.50339352e-01 2.62000000e+06
6.20248155e+00 -2.58131079e+00 3.44828062e-01 2.62000000e+06
6.20280624e+00 -2.58070435e+00 3.45742720e-01 2.62000000e+06
6.26224763e+00 -2.60648036e+00 3.39837107e-01 2.62000000e+06
6.30285219e+00 -2.62675654e+00 3.20171303e-01 2.62000000e+06
6.25151934e+00 -2.60803780e+00 2.99179998e-01 2.62000000e+06
6.15667085e+00 -2.56744049e+00 2.95320821e-01 2.62000000e+06
6.16379894e+00 -2.56758975e+00 3.05071883e-01 2.62000000e+06
6.34942949e+00 -2.64723990e+00 2.95833467e-01 2.62000000e+06
6.60199737 -2.7649394 0.23539343 0.0 1 Modular 
end
