periods   1 
begin filament 
mirror NIL 
  6.935984317518219E+00   4.370356195659427E-01  -7.692594202389402E-02   1.000000000000000E+00
  6.947022076789916E+00   4.336376953072728E-01  -4.237166245672531E-03   1.000000000000000E+00
  6.951377091555753E+00   4.316953381753318E-01   4.609233885984170E-02   1.000000000000000E+00
  6.950425771728859E+00   4.317424248499875E-01   5.913544055146638E-02   1.000000000000000E+00
  6.948149323086208E+00   4.326712181231480E-01   5.333460726122648E-02   1.000000000000000E+00
  6.947340625791822E+00   4.331149779386046E-01   5.525334637772279E-02   1.000000000000000E+00
  6.947724184641589E+00   4.327695544194162E-01   7.239681181513428E-02   1.000000000000000E+00
  6.947481137602376E+00   4.323161334814311E-01   9.229982087761208E-02   1.000000000000000E+00
  6.945841304047273E+00   4.323368686078145E-01   1.029408594486947E-01   1.000000000000000E+00
  6.943721184236238E+00   4.326451703669043E-01   1.070324324966290E-01   1.000000000000000E+00
  6.942193358370848E+00   4.326967746751382E-01   1.152368372009167E-01   1.000000000000000E+00
  6.941108813301128E+00   4.323528328371439E-01   1.310227118080301E-01   1.000000000000000E+00
  6.939531987829415E+00   4.319845132834362E-01   1.475058003057298E-01   1.000000000000000E+00
  6.937104051226633E+00   4.319052833550863E-01   1.581274241598465E-01   1.000000000000000E+00
  6.934434133994313E+00   4.319684046040411E-01   1.652226057759624E-01   1.000000000000000E+00
  6.932161451775285E+00   4.318278014057992E-01   1.756523835325197E-01   1.000000000000000E+00
  6.930106560195437E+00   4.314283795224206E-01   1.910118535091803E-01   1.000000000000000E+00
  6.927623341245778E+00   4.310468463802897E-01   2.060840117620626E-01   1.000000000000000E+00
  6.924536902697923E+00   4.308815107767648E-01   2.166375699937474E-01   1.000000000000000E+00
  6.921342094332114E+00   4.307918578086630E-01   2.250634481027232E-01   1.000000000000000E+00
  6.918471814685631E+00   4.305246710768812E-01   2.364469493409774E-01   1.000000000000000E+00
  6.915719227752875E+00   4.300731094597541E-01   2.513217054183217E-01   1.000000000000000E+00
  6.912587870785785E+00   4.296668399933994E-01   2.652919326870486E-01   1.000000000000000E+00
  6.909011091490726E+00   4.294375222617943E-01   2.754700862607151E-01   1.000000000000000E+00
  6.905422502105688E+00   4.292450368626083E-01   2.843441714359860E-01   1.000000000000000E+00
  6.902128891714296E+00   4.288924247801847E-01   2.959255076765414E-01   1.000000000000000E+00
  6.898901974386068E+00   4.284053698872041E-01   3.100376874597071E-01   1.000000000000000E+00
  6.895340824397280E+00   4.279842384596093E-01   3.227926439079866E-01   1.000000000000000E+00
  6.891453338051975E+00   4.277152168236109E-01   3.322183548225457E-01   1.000000000000000E+00
  6.887633477214802E+00   4.274570347703288E-01   3.408978073360068E-01   1.000000000000000E+00
  6.884098922315361E+00   4.270522470627616E-01   3.520888398240999E-01   1.000000000000000E+00
  6.880603898136422E+00   4.265510157341860E-01   3.650831217437509E-01   1.000000000000000E+00
  6.876816917411653E+00   4.261327975158168E-01   3.763528339901658E-01   1.000000000000000E+00
  6.872802993681939E+00   4.258491607724916E-01   3.846222687523240E-01   1.000000000000000E+00
  6.868927092349175E+00   4.255571579936401E-01   3.925629675383727E-01   1.000000000000000E+00
  6.865337295032242E+00   4.251300665069001E-01   4.028474410638049E-01   1.000000000000000E+00
  6.861772745447977E+00   4.246380759100586E-01   4.143335513450245E-01   1.000000000000000E+00
  6.857957331802336E+00   4.242442157011952E-01   4.237751463506835E-01   1.000000000000000E+00
  6.854003516474553E+00   4.239714361280676E-01   4.304717308284546E-01   1.000000000000000E+00
  6.850253087674056E+00   4.236748645325347E-01   4.371789833411888E-01   1.000000000000000E+00
  6.846795394431969E+00   4.232536069905185E-01   4.460776835566497E-01   1.000000000000000E+00
  6.843355841313458E+00   4.227953999155372E-01   4.556465650180598E-01   1.000000000000000E+00
  6.839705838622048E+00   4.224493583214147E-01   4.628770178865412E-01   1.000000000000000E+00
  6.835999991160466E+00   4.222131169279968E-01   4.675770497275142E-01   1.000000000000000E+00
  6.832560196691099E+00   4.219396835852721E-01   4.725852243070609E-01   1.000000000000000E+00
  6.829422918654249E+00   4.215513457771852E-01   4.796413067675346E-01   1.000000000000000E+00
  6.826300365446893E+00   4.211521666558752E-01   4.868720601058449E-01   1.000000000000000E+00
  6.823007364201345E+00   4.208787045185006E-01   4.914823864328122E-01   1.000000000000000E+00
  6.819738229795263E+00   4.207048242576734E-01   4.937574811868579E-01   1.000000000000000E+00
  6.816796716906910E+00   4.204811775919988E-01   4.966211339825945E-01   1.000000000000000E+00
  6.814168815820631E+00   4.201521056595940E-01   5.013937749156797E-01   1.000000000000000E+00
  6.811553389645977E+00   4.198377323769119E-01   5.058565728300953E-01   1.000000000000000E+00
  6.808807265625872E+00   4.196626159656867E-01   5.074176374772833E-01   1.000000000000000E+00
  6.806164321360705E+00   4.195770203573195E-01   5.068357226515721E-01   1.000000000000000E+00
  6.803910815404342E+00   4.194289014046010E-01   5.071264946114458E-01   1.000000000000000E+00
  6.801981814585901E+00   4.191847811672086E-01   5.091889107498870E-01   1.000000000000000E+00
  6.800061945851744E+00   4.189814779369339E-01   5.104456084676046E-01   1.000000000000000E+00
  6.798050967758172E+00   4.189314397327779E-01   5.085088972693659E-01   1.000000000000000E+00
  6.796224423492225E+00   4.189601595465287E-01   5.046343030070434E-01   1.000000000000000E+00
  6.794850778588222E+00   4.189123704532898E-01   5.019418758676332E-01   1.000000000000000E+00
  6.793810768476936E+00   4.187781803349942E-01   5.008826476414373E-01   1.000000000000000E+00
  6.792772949408214E+00   4.187127785899725E-01   4.984854215656594E-01   1.000000000000000E+00
  6.791683509640915E+00   4.188157005433703E-01   4.925791824947226E-01   1.000000000000000E+00
  6.790864513784538E+00   4.189848813656987E-01   4.849718673680077E-01   1.000000000000000E+00
  6.790565327388390E+00   4.190609879608768E-01   4.789094803601469E-01   1.000000000000000E+00
  6.790605140354869E+00   4.190607475175975E-01   4.743378931645675E-01   1.000000000000000E+00
  6.790633164843774E+00   4.191608820757204E-01   4.678251880110501E-01   1.000000000000000E+00
  6.790648968491467E+00   4.194463270861932E-01   4.574438366362482E-01   1.000000000000000E+00
  6.791030080844267E+00   4.197822928953989E-01   4.456573390118068E-01   1.000000000000000E+00
  6.792004165515867E+00   4.200039393737812E-01   4.358750856922439E-01   1.000000000000000E+00
  6.793315783369935E+00   4.201601299120422E-01   4.274336595593120E-01   1.000000000000000E+00
  6.794588994733601E+00   4.204547719711475E-01   4.163208194283397E-01   1.000000000000000E+00
  6.795889215851499E+00   4.209551758547131E-01   4.009006423890578E-01   1.000000000000000E+00
  6.797665512270484E+00   4.214845474662000E-01   3.844774313011969E-01   1.000000000000000E+00
  6.800119299655472E+00   4.218698584746738E-01   3.706930674205084E-01   1.000000000000000E+00
  6.802896798648097E+00   4.222020743200082E-01   3.580868429726959E-01   1.000000000000000E+00
  6.805585931229256E+00   4.227228218471578E-01   3.418436288883903E-01   1.000000000000000E+00
  6.808340760228743E+00   4.234764095117301E-01   3.207036163657602E-01   1.000000000000000E+00
  6.811712572956552E+00   4.242263995871495E-01   2.991637961228287E-01   1.000000000000000E+00
  6.815868762377281E+00   4.247858669450278E-01   2.812423454285179E-01   1.000000000000000E+00
  6.820310748525234E+00   4.253072449957157E-01   2.643164976937204E-01   1.000000000000000E+00
  6.824566555215431E+00   4.260919227993867E-01   2.423038699538870E-01   1.000000000000000E+00
  6.828924606643897E+00   4.271511166320091E-01   2.144745462016274E-01   1.000000000000000E+00
  6.834105826732603E+00   4.281503304403881E-01   1.872835287965296E-01   1.000000000000000E+00
  6.840230570817296E+00   4.288735513952280E-01   1.654947456534016E-01   1.000000000000000E+00
  6.846548069683734E+00   4.295786980703298E-01   1.444972042993226E-01   1.000000000000000E+00
  6.852460485549517E+00   4.306848052130404E-01   1.157283762863857E-01   1.000000000000000E+00
  6.858500434581604E+00   4.321496314569570E-01   7.926963358575763E-02   1.000000000000000E+00
  6.865754321704275E+00   4.334308714682094E-01   4.571457241148440E-02   1.000000000000000E+00
  6.874285326371800E+00   4.342209942132775E-01   2.201615941562584E-02   1.000000000000000E+00
  6.882742689996411E+00   4.350198679850164E-01  -9.620151099009478E-04   1.000000000000000E+00
  6.890082120916619E+00   4.366184588513111E-01  -3.953425289317074E-02   1.000000000000000E+00
  6.897437443658262E+00   4.389123598780704E-01  -9.319882004803519E-02   1.000000000000000E+00
  6.907449573986790E+00   4.405132931739167E-01  -1.346370459171414E-01   1.000000000000000E+00
  6.921185997708439E+00   4.399005605839997E-01  -1.309271385756525E-01   1.000000000000000E+00
  6.935984317518219E+00   4.370356195659427E-01  -7.692594202389402E-02   0.000000000000000E+00 1 CurveXYZFourier4 
  6.267689470102831E+00  -8.947935233157646E-01  -4.544460406969581E-02   1.000000000000000E+00
  6.640954262198409E+00   8.108108657636797E-01   3.085378479594789E-02   1.000000000000000E+00
  6.817938668431910E+00   1.719910645697992E+00   1.164153493675680E-01   1.000000000000000E+00
  6.796589074289231E+00   1.697023412731646E+00   1.791140664478236E-01   1.000000000000000E+00
  6.706162574872149E+00   1.301744760100414E+00   2.198585601912909E-01   1.000000000000000E+00
  6.667404713879447E+00   1.137996612645784E+00   2.598164315796007E-01   1.000000000000000E+00
  6.690792922273891E+00   1.303505113877579E+00   3.121012924294972E-01   1.000000000000000E+00
  6.708344113039156E+00   1.479865268950887E+00   3.702318194234744E-01   1.000000000000000E+00
  6.676287753355259E+00   1.427087341916690E+00   4.214331843275699E-01   1.000000000000000E+00
  6.620884520642325E+00   1.249595966490098E+00   4.637462011419068E-01   1.000000000000000E+00
  6.589492320200177E+00   1.186302896379322E+00   5.060326882713322E-01   1.000000000000000E+00
  6.586469321382635E+00   1.280874414327076E+00   5.545019250602915E-01   1.000000000000000E+00
  6.575786179210283E+00   1.362102662946016E+00   6.051311213752129E-01   1.000000000000000E+00
  6.534893648536792E+00   1.303083004878327E+00   6.505792419869290E-01   1.000000000000000E+00
  6.482403318737812E+00   1.181383472342291E+00   6.903668885746018E-01   1.000000000000000E+00
  6.447645431467040E+00   1.147182921439944E+00   7.305533485353337E-01   1.000000000000000E+00
  6.430149884027434E+00   1.212902754127745E+00   7.747517092531790E-01   1.000000000000000E+00
  6.403994213529324E+00   1.253023008995802E+00   8.195107453730753E-01   1.000000000000000E+00
  6.355864160262065E+00   1.189418195620533E+00   8.597449882546867E-01   1.000000000000000E+00
  6.301965875361450E+00   1.092745045769600E+00   8.958140463288347E-01   1.000000000000000E+00
  6.263123249276131E+00   1.071472552771861E+00   9.324925030449019E-01   1.000000000000000E+00
  6.235904251940019E+00   1.119619154770698E+00   9.719919278022987E-01   1.000000000000000E+00
  6.199520234133574E+00   1.134644353444452E+00   1.011097401575973E+00   1.000000000000000E+00
  6.146034392149421E+00   1.066726807612137E+00   1.046011775057217E+00   1.000000000000000E+00
  6.090513926907163E+00   9.838714124119243E-01   1.077643034958114E+00   1.000000000000000E+00
  6.048608934691242E+00   9.692319200371576E-01   1.109997151448004E+00   1.000000000000000E+00
  6.014836313925074E+00   1.004300577039651E+00   1.144369566292851E+00   1.000000000000000E+00
  5.971647533654131E+00   1.000946063750719E+00   1.177672218274005E+00   1.000000000000000E+00
  5.914787472348192E+00   9.286867071701786E-01   1.206980233977499E+00   1.000000000000000E+00
  5.858657646882430E+00   8.543135142780534E-01   1.233603936130573E+00   1.000000000000000E+00
  5.815264460239461E+00   8.431773142424230E-01   1.261014062744032E+00   1.000000000000000E+00
  5.777556561281831E+00   8.672882656883664E-01   1.289829460686531E+00   1.000000000000000E+00
  5.730320670699011E+00   8.488497907143582E-01   1.317041539722488E+00   1.000000000000000E+00
  5.672111164652756E+00   7.721181994082696E-01   1.340385987878481E+00   1.000000000000000E+00
  5.616885419188175E+00   7.032959021223413E-01   1.361495451260951E+00   1.000000000000000E+00
  5.573811059464180E+00   6.938787065843848E-01   1.383427260616566E+00   1.000000000000000E+00
  5.534539503474391E+00   7.080871815576654E-01   1.406254064897396E+00   1.000000000000000E+00
  5.485707125369600E+00   6.762779025818675E-01   1.427022491124500E+00   1.000000000000000E+00
  5.428195098352603E+00   5.949002958356279E-01   1.444012093590959E+00   1.000000000000000E+00
  5.375635640047176E+00   5.298955133985159E-01   1.459132806563139E+00   1.000000000000000E+00
  5.334805771002941E+00   5.211022397484283E-01   1.475096321010491E+00   1.000000000000000E+00
  5.296210699041606E+00   5.258946096602056E-01   1.491501759806950E+00   1.000000000000000E+00
  5.248064708139667E+00   4.815601821242606E-01   1.505437073289715E+00   1.000000000000000E+00
  5.193310283990554E+00   3.953409291253258E-01   1.515661271439583E+00   1.000000000000000E+00
  5.145324461714199E+00   3.331210997163830E-01   1.524337972928864E+00   1.000000000000000E+00
  5.108735630198967E+00   3.242705549807472E-01   1.533870206513976E+00   1.000000000000000E+00
  5.072975082508852E+00   3.197770403922250E-01   1.543420499429011E+00   1.000000000000000E+00
  5.027690836065227E+00   2.632051607269123E-01   1.550109448318903E+00   1.000000000000000E+00
  4.977763394332358E+00   1.719360769094925E-01   1.553144872017956E+00   1.000000000000000E+00
  4.936358516463986E+00   1.119528183410682E-01   1.554935947588402E+00   1.000000000000000E+00
  4.906057444893705E+00   1.026584322524342E-01   1.557593408872607E+00   1.000000000000000E+00
  4.875228303754869E+00   8.874301375557797E-02   1.559853771604011E+00   1.000000000000000E+00
  4.834898514918193E+00   1.979072927697693E-02   1.558864381847979E+00   1.000000000000000E+00
  4.791875298311240E+00  -7.674454389510620E-02   1.554277403049944E+00   1.000000000000000E+00
  4.759142349474969E+00  -1.346326645837532E-01   1.548753065217401E+00   1.000000000000000E+00
  4.737219155073158E+00  -1.445009613869875E-01   1.544109518503653E+00   1.000000000000000E+00
  4.713362194669093E+00  -1.682196199035697E-01   1.538643977399208E+00   1.000000000000000E+00
  4.680000998868200E+00  -2.501066905798464E-01   1.529526019343058E+00   1.000000000000000E+00
  4.645967575595677E+00  -3.521305719192375E-01   1.516872826399166E+00   1.000000000000000E+00
  4.624084875982464E+00  -4.076384675528131E-01   1.503616073439704E+00   1.000000000000000E+00
  4.612676535507346E+00  -4.179319398640117E-01   1.491264320917167E+00   1.000000000000000E+00
  4.597768253887247E+00  -4.521174088275257E-01   1.477635195127368E+00   1.000000000000000E+00
  4.573296583416467E+00  -5.479837756688146E-01   1.459916256807342E+00   1.000000000000000E+00
  4.550349365212393E+00  -6.557238044883508E-01   1.438740478962505E+00   1.000000000000000E+00
  4.541608093365191E+00  -7.080131174777827E-01   1.417351369819741E+00   1.000000000000000E+00
  4.542914017491947E+00  -7.182095740943059E-01   1.396910063690360E+00   1.000000000000000E+00
  4.538840862608037E+00  -7.639224512268123E-01   1.374676885743127E+00   1.000000000000000E+00
  4.525045115064093E+00  -8.755227691078455E-01   1.347851913927329E+00   1.000000000000000E+00
  4.515297402047619E+00  -9.892110961599995E-01   1.317678472953431E+00   1.000000000000000E+00
  4.522163798576914E+00  -1.036582401051917E+00   1.287784214303779E+00   1.000000000000000E+00
  4.538482773350443E+00  -1.045562560693706E+00   1.258913738995117E+00   1.000000000000000E+00
  4.546981588320519E+00  -1.104525417895688E+00   1.227630785733401E+00   1.000000000000000E+00
  4.545418724566012E+00  -1.234829261843946E+00   1.191138152498541E+00   1.000000000000000E+00
  4.551014559065653E+00  -1.354701190476609E+00   1.151459258787035E+00   1.000000000000000E+00
  4.576273532347660E+00  -1.393882705453587E+00   1.112737690347871E+00   1.000000000000000E+00
  4.610089837283973E+00  -1.399408436060984E+00   1.075177306367356E+00   1.000000000000000E+00
  4.632606194566643E+00  -1.474637895438481E+00   1.034387291968365E+00   1.000000000000000E+00
  4.644373806941641E+00  -1.629055362729274E+00   9.875502076395025E-01   1.000000000000000E+00
  4.667523204375124E+00  -1.755340858166059E+00   9.377909466173402E-01   1.000000000000000E+00
  4.714646395670584E+00  -1.779659498420338E+00   8.900321334044137E-01   1.000000000000000E+00
  4.768856593850257E+00  -1.776995217437248E+00   8.436987734062089E-01   1.000000000000000E+00
  4.806153345760448E+00  -1.874558125621029E+00   7.929130165960956E-01   1.000000000000000E+00
  4.831230402913238E+00  -2.064467735272558E+00   7.347683536516556E-01   1.000000000000000E+00
  4.874319811541290E+00  -2.197338205434019E+00   6.741855052303933E-01   1.000000000000000E+00
  4.948638558697292E+00  -2.190857677354621E+00   6.174960012911352E-01   1.000000000000000E+00
  5.027311588347374E+00  -2.168126820871708E+00   5.628203355920890E-01   1.000000000000000E+00
  5.078037002416029E+00  -2.303631281994604E+00   5.014296470561043E-01   1.000000000000000E+00
  5.112696091356258E+00  -2.560320350102439E+00   4.300349367039874E-01   1.000000000000000E+00
  5.178799342036322E+00  -2.699416445278220E+00   3.573053834881945E-01   1.000000000000000E+00
  5.293189360082431E+00  -2.608213006422005E+00   2.931725414955914E-01   1.000000000000000E+00
  5.405687795141784E+00  -2.521064956634906E+00   2.329517398946743E-01   1.000000000000000E+00
  5.456860462564939E+00  -2.763894900671236E+00   1.593682812021134E-01   1.000000000000000E+00
  5.472739398869837E+00  -3.252654877646557E+00   6.589738849705154E-02   1.000000000000000E+00
  5.572392925198459E+00  -3.381948070962648E+00  -2.417576831068263E-02   1.000000000000000E+00
  5.852919534444794E+00  -2.563899724261078E+00  -6.934088518610164E-02   1.000000000000000E+00
  6.267689470102831E+00  -8.947935233157646E-01  -4.544460406969581E-02   0.000000000000000E+00 2 CurveXYZFourier5 
  6.234147272405455E+00  -2.628722522861147E+00   1.206523672665903E-01   1.000000000000000E+00
  6.216689719478445E+00  -2.638943610736685E+00   1.766798264636836E-02   1.000000000000000E+00
  6.209134195249648E+00  -2.643363488991538E+00  -3.390807754212662E-02   1.000000000000000E+00
  6.212425954286024E+00  -2.641897426194674E+00  -3.024910080322783E-02   1.000000000000000E+00
  6.219703218771235E+00  -2.638407299444573E+00  -6.104600846410469E-03   1.000000000000000E+00
  6.224004056019501E+00  -2.636520738428029E+00   3.966039567209383E-03   1.000000000000000E+00
  6.224412250197646E+00  -2.636564978302334E+00  -4.206998482745294E-03   1.000000000000000E+00
  6.224701995900583E+00  -2.636502438887654E+00  -1.172477964850328E-02   1.000000000000000E+00
  6.227550201806366E+00  -2.635009698947639E+00  -5.516016097189375E-03   1.000000000000000E+00
  6.231635967741267E+00  -2.632865805017519E+00   7.597771972608231E-03   1.000000000000000E+00
  6.234217572767679E+00  -2.631493180838935E+00   1.400878425044955E-02   1.000000000000000E+00
  6.234893372978262E+00  -2.631028695526424E+00   1.190459245961269E-02   1.000000000000000E+00
  6.235681965850394E+00  -2.630391349457267E+00   1.136459882606617E-02   1.000000000000000E+00
  6.237988030671533E+00  -2.628897460530863E+00   1.920686752260548E-02   1.000000000000000E+00
  6.240852254733579E+00  -2.627099701030582E+00   3.050469962408329E-02   1.000000000000000E+00
  6.242562530907424E+00  -2.625879255734482E+00   3.677304448253769E-02   1.000000000000000E+00
  6.243045381081481E+00  -2.625225691976400E+00   3.776464254656860E-02   1.000000000000000E+00
  6.243770709126790E+00  -2.624360140847283E+00   4.079171903206139E-02   1.000000000000000E+00
  6.245592448701572E+00  -2.622877226656072E+00   4.996227739059967E-02   1.000000000000000E+00
  6.247653959541603E+00  -2.621259005631377E+00   6.090589637231694E-02   1.000000000000000E+00
  6.248727758999037E+00  -2.620131356332883E+00   6.755060378129689E-02   1.000000000000000E+00
  6.248936475468353E+00  -2.619393675314390E+00   7.058954518002984E-02   1.000000000000000E+00
  6.249473025985079E+00  -2.618420449430270E+00   7.593522112994248E-02   1.000000000000000E+00
  6.250871316948432E+00  -2.616968336891265E+00   8.612016328887322E-02   1.000000000000000E+00
  6.252318857040118E+00  -2.615486189817720E+00   9.702132881557339E-02   1.000000000000000E+00
  6.252882518136146E+00  -2.614444628953225E+00   1.040330587596171E-01   1.000000000000000E+00
  6.252819246809216E+00  -2.613680664241374E+00   1.084940883962723E-01   1.000000000000000E+00
  6.253147854794408E+00  -2.612665524691301E+00   1.154359252972775E-01   1.000000000000000E+00
  6.254183402731117E+00  -2.611266796925654E+00   1.263134552739349E-01   1.000000000000000E+00
  6.255136785997207E+00  -2.609914051697430E+00   1.371395502391600E-01   1.000000000000000E+00
  6.255281985156327E+00  -2.608968580210079E+00   1.443405577463198E-01   1.000000000000000E+00
  6.254977996195819E+00  -2.608219715197921E+00   1.497463647724649E-01   1.000000000000000E+00
  6.255118528160068E+00  -2.607208385929975E+00   1.577548187952312E-01   1.000000000000000E+00
  6.255851775519892E+00  -2.605886824098322E+00   1.689989728723807E-01   1.000000000000000E+00
  6.256402645050193E+00  -2.604671818474430E+00   1.795766695253820E-01   1.000000000000000E+00
  6.256206359753653E+00  -2.603839489556937E+00   1.867178959706572E-01   1.000000000000000E+00
  6.255705962140666E+00  -2.603139745964011E+00   1.926574203261407E-01   1.000000000000000E+00
  6.255696318400582E+00  -2.602168708539710E+00   2.012920338585084E-01   1.000000000000000E+00
  6.256187512652589E+00  -2.600948709287823E+00   2.125744858634608E-01   1.000000000000000E+00
  6.256413490492435E+00  -2.599887242853458E+00   2.226604494534112E-01   1.000000000000000E+00
  6.255945182398261E+00  -2.599188709710579E+00   2.294564062274689E-01   1.000000000000000E+00
  6.255299644919496E+00  -2.598568191525512E+00   2.355539319948523E-01   1.000000000000000E+00
  6.255187604576925E+00  -2.597668879175981E+00   2.444230012460668E-01   1.000000000000000E+00
  6.255496854574963E+00  -2.596575204596101E+00   2.554139210583065E-01   1.000000000000000E+00
  6.255467368934869E+00  -2.595687425057988E+00   2.647239253418104E-01   1.000000000000000E+00
  6.254791988290885E+00  -2.595145486033553E+00   2.708672998342625E-01   1.000000000000000E+00
  6.254056925096217E+00  -2.594631846738093E+00   2.767691951762050E-01   1.000000000000000E+00
  6.253896610228028E+00  -2.593832456867937E+00   2.855123027805387E-01   1.000000000000000E+00
  6.254083911390283E+00  -2.592890131142056E+00   2.958807262758191E-01   1.000000000000000E+00
  6.253862741896926E+00  -2.592199188413126E+00   3.041023450434630E-01   1.000000000000000E+00
  6.253042036163953E+00  -2.591838166631419E+00   3.092703446763063E-01   1.000000000000000E+00
  6.252276302420527E+00  -2.591457234953502E+00   3.146394679511427E-01   1.000000000000000E+00
  6.252126717346185E+00  -2.590783472220977E+00   3.229203022596768E-01   1.000000000000000E+00
  6.252251945084049E+00  -2.590017734523855E+00   3.323342393784371E-01   1.000000000000000E+00
  6.251898129162538E+00  -2.589549285227245E+00   3.391313885755460E-01   1.000000000000000E+00
  6.250991068519573E+00  -2.589394821647991E+00   3.429877740062980E-01   1.000000000000000E+00
  6.250256512426978E+00  -2.589170757178230E+00   3.475021263725990E-01   1.000000000000000E+00
  6.250181332495731E+00  -2.588645965394194E+00   3.550073416296777E-01   1.000000000000000E+00
  6.250304226101162E+00  -2.588082293788585E+00   3.631336548363872E-01   1.000000000000000E+00
  6.249871834333093E+00  -2.587864616567876E+00   3.681455242057199E-01   1.000000000000000E+00
  6.248934358510718E+00  -2.587943772250826E+00   3.703394999770409E-01   1.000000000000000E+00
  6.248296242179731E+00  -2.587898809763020E+00   3.736944658689636E-01   1.000000000000000E+00
  6.248364682293515E+00  -2.587543515806950E+00   3.801380084444223E-01   1.000000000000000E+00
  6.248544782486727E+00  -2.587207688786469E+00   3.866419861449519E-01   1.000000000000000E+00
  6.248081464949540E+00  -2.587272451527494E+00   3.894757521261548E-01   1.000000000000000E+00
  6.247165482476169E+00  -2.587614192778105E+00   3.896370751943050E-01   1.000000000000000E+00
  6.246693883200649E+00  -2.587767888044240E+00   3.915524367006215E-01   1.000000000000000E+00
  6.246983186263581E+00  -2.587598565868677E+00   3.966877202783591E-01   1.000000000000000E+00
  6.247279699487718E+00  -2.587516834874031E+00   4.012321148637956E-01   1.000000000000000E+00
  6.246823111493730E+00  -2.587900956734052E+00   4.014452225674255E-01   1.000000000000000E+00
  6.245974073716364E+00  -2.588537270881942E+00   3.991726264073585E-01   1.000000000000000E+00
  6.245747069699584E+00  -2.588904716046390E+00   3.994087608344823E-01   1.000000000000000E+00
  6.246348196132476E+00  -2.588930919168849E+00   4.030566082364999E-01   1.000000000000000E+00
  6.246819694035530E+00  -2.589130397809557E+00   4.052994227747636E-01   1.000000000000000E+00
  6.246389274559270E+00  -2.589880363715154E+00   4.023586631340391E-01   1.000000000000000E+00
  6.245640554573401E+00  -2.590848886892385E+00   3.971928575903724E-01   1.000000000000000E+00
  6.245751839422951E+00  -2.591436489357040E+00   3.955893062627850E-01   1.000000000000000E+00
  6.246783273381553E+00  -2.591653916469153E+00   3.977057043121112E-01   1.000000000000000E+00
  6.247486878111233E+00  -2.592163573796972E+00   3.972944334083394E-01   1.000000000000000E+00
  6.247062708346368E+00  -2.593346487136932E+00   3.904709078909365E-01   1.000000000000000E+00
  6.246420738537733E+00  -2.594697412995300E+00   3.818233722134112E-01   1.000000000000000E+00
  6.247000721466441E+00  -2.595491210446486E+00   3.784056825342906E-01   1.000000000000000E+00
  6.248648174833867E+00  -2.595861798629620E+00   3.792764215586938E-01   1.000000000000000E+00
  6.249636845843440E+00  -2.596715571706072E+00   3.758293126846447E-01   1.000000000000000E+00
  6.249092045945525E+00  -2.598454399598794E+00   3.638628336013530E-01   1.000000000000000E+00
  6.248486311987299E+00  -2.600273675228198E+00   3.507765511837155E-01   1.000000000000000E+00
  6.249779769608210E+00  -2.601196597542226E+00   3.461488005651831E-01   1.000000000000000E+00
  6.252452761839709E+00  -2.601570339694621E+00   3.471558479394773E-01   1.000000000000000E+00
  6.253761174433189E+00  -2.602821590484682E+00   3.401693819746355E-01   1.000000000000000E+00
  6.252531845651677E+00  -2.605466119827609E+00   3.196339192401015E-01   1.000000000000000E+00
  6.251542201535731E+00  -2.608001379812866E+00   2.994821272344580E-01   1.000000000000000E+00
  6.254432332975728E+00  -2.608628769706570E+00   2.974637444062911E-01   1.000000000000000E+00
  6.260042024426806E+00  -2.608110344420650E+00   3.073180036901381E-01   1.000000000000000E+00
  6.261435653012406E+00  -2.610026848236219E+00   2.947109843305185E-01   1.000000000000000E+00
  6.252255901005520E+00  -2.617341184426661E+00   2.292161331696080E-01   1.000000000000000E+00
  6.234147272405455E+00  -2.628722522861147E+00   1.206523672665903E-01   0.000000000000000E+00 3 CurveXYZFourier6 
end 
