periods 1
begin filament
mirror NIL
7.36272513e+00 4.63436437e-01 1.85899209e-02 1.62000000e+06
7.22329646e+00 4.50574034e-01 1.08059580e-01 1.62000000e+06
6.92787813e+00 4.27866425e-01 1.96814454e-01 1.62000000e+06
6.71269683e+00 4.10086938e-01 2.84989665e-01 1.62000000e+06
6.69310067e+00 4.04306161e-01 3.72672884e-01 1.62000000e+06
6.77758977e+00 4.04349140e-01 4.59593896e-01 1.62000000e+06
6.80558928e+00 3.99632013e-01 5.45117470e-01 1.62000000e+06
6.72826416e+00 3.86905225e-01 6.28642370e-01 1.62000000e+06
6.62888128e+00 3.71497623e-01 7.10005624e-01 1.62000000e+06
6.59165256e+00 3.58262669e-01 7.89325348e-01 1.62000000e+06
6.59998532e+00 3.44281487e-01 8.66301921e-01 1.62000000e+06
6.57858904e+00 3.21777982e-01 9.39769928e-01 1.62000000e+06
6.50091725e+00 2.86663539e-01 1.00822390e+00 1.62000000e+06
6.41607076e+00 2.42256783e-01 1.07099878e+00 1.62000000e+06
6.37327729e+00 1.95019518e-01 1.12892378e+00 1.62000000e+06
6.35616386e+00 1.48929563e-01 1.18369554e+00 1.62000000e+06
6.31152431e+00 1.05143409e-01 1.23654202e+00 1.62000000e+06
6.22339374e+00 6.54664720e-02 1.28744386e+00 1.62000000e+06
6.12931672e+00 3.34749705e-02 1.33545478e+00 1.62000000e+06
6.06362643e+00 1.14947413e-02 1.37945547e+00 1.62000000e+06
6.01144168e+00 -1.95437879e-03 1.41845105e+00 1.62000000e+06
5.93438314e+00 -1.01953534e-02 1.45140215e+00 1.62000000e+06
5.82645475e+00 -1.41924351e-02 1.47726476e+00 1.62000000e+06
5.72114530e+00 -1.15495569e-02 1.49547810e+00 1.62000000e+06
5.64369020e+00 1.10411639e-05 1.50626978e+00 1.62000000e+06
5.57794913e+00 1.90141564e-02 1.51015897e+00 1.62000000e+06
5.49238607e+00 4.04953934e-02 1.50701815e+00 1.62000000e+06
5.38544104e+00 5.90932624e-02 1.49569425e+00 1.62000000e+06
5.28662162e+00 7.10978587e-02 1.47457732e+00 1.62000000e+06
5.21496536e+00 7.42264569e-02 1.44241621e+00 1.62000000e+06
5.15547081e+00 6.73297314e-02 1.39856484e+00 1.62000000e+06
5.08541525e+00 5.13776016e-02 1.34282357e+00 1.62000000e+06
5.01081299e+00 2.97721462e-02 1.27569570e+00 1.62000000e+06
4.96069475e+00 5.95215042e-03 1.19918706e+00 1.62000000e+06
4.94825401e+00 -1.98348246e-02 1.11710688e+00 1.62000000e+06
4.95416646e+00 -5.04507370e-02 1.03388981e+00 1.62000000e+06
4.95437915e+00 -8.77081923e-02 9.52479321e-01 1.62000000e+06
4.95177512e+00 -1.28540728e-01 8.73058874e-01 1.62000000e+06
4.96767917e+00 -1.65962437e-01 7.93805485e-01 1.62000000e+06
5.00763275e+00 -1.93693005e-01 7.12957155e-01 1.62000000e+06
5.05146849e+00 -2.09088140e-01 6.30405416e-01 1.62000000e+06
5.08093569e+00 -2.11524880e-01 5.47789497e-01 1.62000000e+06
5.10367723e+00 -1.99305757e-01 4.67557097e-01 1.62000000e+06
5.13865444e+00 -1.69793759e-01 3.91968482e-01 1.62000000e+06
5.18492098e+00 -1.22918831e-01 3.22385264e-01 1.62000000e+06
5.22018902e+00 -6.35223290e-02 2.58667043e-01 1.62000000e+06
5.23227443e+00 7.78279625e-04 1.98849449e-01 1.62000000e+06
5.23788155e+00 6.41933787e-02 1.39716824e-01 1.62000000e+06
5.26003995e+00 1.25179995e-01 7.83683528e-02 1.62000000e+06
5.29471470e+00 1.84965807e-01 1.37754358e-02 1.62000000e+06
5.31401517e+00 2.44803373e-01 -5.29285363e-02 1.62000000e+06
5.30275649e+00 3.05053425e-01 -1.19564704e-01 1.62000000e+06
5.27800346e+00 3.66086942e-01 -1.84301818e-01 1.62000000e+06
5.26469421e+00 4.28818565e-01 -2.46256370e-01 1.62000000e+06
5.26186484e+00 4.93808554e-01 -3.05422393e-01 1.62000000e+06
5.24668774e+00 5.60033279e-01 -3.62763968e-01 1.62000000e+06
5.20962821e+00 6.24663652e-01 -4.20636240e-01 1.62000000e+06
5.17012130e+00 6.83823910e-01 -4.82663456e-01 1.62000000e+06
5.15062456e+00 7.33595540e-01 -5.52359722e-01 1.62000000e+06
5.14686603e+00 7.70991588e-01 -6.31143819e-01 1.62000000e+06
5.13749601e+00 7.94787468e-01 -7.17344743e-01 1.62000000e+06
5.11907451e+00 8.05541865e-01 -8.07090856e-01 1.62000000e+06
5.11477750e+00 8.04397031e-01 -8.96329807e-01 1.62000000e+06
5.14256549e+00 7.91846148e-01 -9.82393020e-01 1.62000000e+06
5.18821683e+00 7.68373276e-01 -1.06421309e+00 1.62000000e+06
5.22385313e+00 7.36777060e-01 -1.14154585e+00 1.62000000e+06
5.24771044e+00 7.03178657e-01 -1.21405377e+00 1.62000000e+06
5.28826193e+00 6.74367551e-01 -1.28074332e+00 1.62000000e+06
5.36465459e+00 6.53480704e-01 -1.33981278e+00 1.62000000e+06
5.45848152e+00 6.38792752e-01 -1.38891260e+00 1.62000000e+06
5.53807140e+00 6.27342045e-01 -1.42580697e+00 1.62000000e+06
5.60217820e+00 6.19303192e-01 -1.44912968e+00 1.62000000e+06
5.68032672e+00 6.17808568e-01 -1.45869875e+00 1.62000000e+06
5.78745078e+00 6.24408593e-01 -1.45518185e+00 1.62000000e+06
5.89745868e+00 6.35914307e-01 -1.43953978e+00 1.62000000e+06
5.97638385e+00 6.46782821e-01 -1.41282783e+00 1.62000000e+06
6.03043197e+00 6.54272248e-01 -1.37637186e+00 1.62000000e+06
6.09877934e+00 6.60131334e-01 -1.33179989e+00 1.62000000e+06
6.19712926e+00 6.67019985e-01 -1.28064777e+00 1.62000000e+06
6.29151011e+00 6.74339452e-01 -1.22395735e+00 1.62000000e+06
6.34413117e+00 6.78340885e-01 -1.16244023e+00 1.62000000e+06
6.37006094e+00 6.75513408e-01 -1.09707644e+00 1.62000000e+06
6.42095691e+00 6.64534418e-01 -1.02934968e+00 1.62000000e+06
6.51142574e+00 6.45217421e-01 -9.60643644e-01 1.62000000e+06
6.59125470e+00 6.17723716e-01 -8.91340895e-01 1.62000000e+06
6.61193176e+00 5.84372129e-01 -8.20626091e-01 1.62000000e+06
6.60177943e+00 5.51040626e-01 -7.47280266e-01 1.62000000e+06
6.63764037e+00 5.23998689e-01 -6.70688872e-01 1.62000000e+06
6.73636844e+00 5.04192956e-01 -5.91117234e-01 1.62000000e+06
6.81304822e+00 4.86368244e-01 -5.09169198e-01 1.62000000e+06
6.78391573e+00 4.66015119e-01 -4.25172390e-01 1.62000000e+06
6.69808051e+00 4.46805736e-01 -3.39129014e-01 1.62000000e+06
6.71658894e+00 4.38452557e-01 -2.51124282e-01 1.62000000e+06
6.93085497e+00 4.45420950e-01 -1.61640982e-01 1.62000000e+06
7.22502521 0.45902647 -0.0714751 0.0 1 Modular 
7.14827887e+00 1.48406626e+00 2.91026891e-03 1.62000000e+06
7.01276888e+00 1.44239760e+00 9.07745652e-02 1.62000000e+06
6.72668493e+00 1.36812572e+00 1.78134159e-01 1.62000000e+06
6.51899343e+00 1.31020597e+00 2.64800326e-01 1.62000000e+06
6.50164911e+00 1.29331535e+00 3.50728358e-01 1.62000000e+06
6.58584002e+00 1.29920511e+00 4.35963239e-01 1.62000000e+06
6.61552249e+00 1.29437127e+00 5.20339611e-01 1.62000000e+06
6.54315197e+00 1.26778379e+00 6.03378685e-01 1.62000000e+06
6.44965962e+00 1.23617106e+00 6.84605499e-01 1.62000000e+06
6.41682396e+00 1.21740745e+00 7.63899075e-01 1.62000000e+06
6.42788977e+00 1.20891706e+00 8.41380884e-01 1.62000000e+06
6.40835367e+00 1.19550682e+00 9.16954668e-01 1.62000000e+06
6.33108430e+00 1.17125357e+00 9.90103168e-01 1.62000000e+06
6.24355269e+00 1.14528990e+00 1.06021185e+00 1.62000000e+06
6.19492413e+00 1.12649799e+00 1.12696869e+00 1.62000000e+06
6.17161682e+00 1.11020259e+00 1.19028863e+00 1.62000000e+06
6.12415148e+00 1.08455073e+00 1.24988317e+00 1.62000000e+06
6.03834645e+00 1.04620911e+00 1.30510037e+00 1.62000000e+06
5.95101855e+00 1.00356170e+00 1.35528401e+00 1.62000000e+06
5.89515095e+00 9.64340654e-01 1.40016559e+00 1.62000000e+06
5.85542288e+00 9.25849784e-01 1.43974704e+00 1.62000000e+06
5.79322503e+00 8.80909208e-01 1.47383621e+00 1.62000000e+06
5.70096285e+00 8.30150947e-01 1.50186763e+00 1.62000000e+06
5.60921510e+00 7.83106788e-01 1.52321626e+00 1.62000000e+06
5.54096436e+00 7.46924731e-01 1.53751173e+00 1.62000000e+06
5.48012151e+00 7.18674577e-01 1.54450210e+00 1.62000000e+06
5.39698547e+00 6.91511838e-01 1.54373513e+00 1.62000000e+06
5.29162320e+00 6.65374753e-01 1.53464555e+00 1.62000000e+06
5.19361923e+00 6.46991871e-01 1.51702865e+00 1.62000000e+06
5.12082092e+00 6.39381940e-01 1.49120193e+00 1.62000000e+06
5.05675823e+00 6.35733535e-01 1.45747145e+00 1.62000000e+06
4.97741839e+00 6.26315688e-01 1.41551424e+00 1.62000000e+06
4.88759717e+00 6.09119716e-01 1.36457085e+00 1.62000000e+06
4.81535535e+00 5.90212553e-01 1.30437980e+00 1.62000000e+06
4.77400551e+00 5.74196747e-01 1.23578620e+00 1.62000000e+06
4.74631551e+00 5.58259035e-01 1.16032748e+00 1.62000000e+06
4.71230900e+00 5.37315899e-01 1.07945707e+00 1.62000000e+06
4.67974261e+00 5.11924062e-01 9.94590755e-01 1.62000000e+06
4.67373984e+00 4.87271704e-01 9.08004010e-01 1.62000000e+06
4.70107788e+00 4.64851569e-01 8.23187176e-01 1.62000000e+06
4.74021734e+00 4.39183908e-01 7.43547598e-01 1.62000000e+06
4.77057146e+00 4.05064398e-01 6.70246202e-01 1.62000000e+06
4.79866969e+00 3.66069110e-01 6.01254629e-01 1.62000000e+06
4.84438397e+00 3.33008731e-01 5.32764900e-01 1.62000000e+06
4.90821549e+00 3.14317142e-01 4.61854385e-01 1.62000000e+06
4.96745017e+00 3.10574134e-01 3.88236719e-01 1.62000000e+06
5.00678821e+00 3.18955626e-01 3.14007817e-01 1.62000000e+06
5.03890465e+00 3.39968523e-01 2.42097226e-01 1.62000000e+06
5.08451679e+00 3.76883634e-01 1.74769238e-01 1.62000000e+06
5.13990865e+00 4.29510652e-01 1.12824514e-01 1.62000000e+06
5.17881742e+00 4.91900756e-01 5.54230144e-02 1.62000000e+06
5.18734266e+00 5.57429025e-01 4.46340208e-04 1.62000000e+06
5.18330144e+00 6.24068111e-01 -5.45440712e-02 1.62000000e+06
5.19265046e+00 6.92882330e-01 -1.11100937e-01 1.62000000e+06
5.21569780e+00 7.62949269e-01 -1.69274960e-01 1.62000000e+06
5.22981113e+00 8.30854304e-01 -2.28080107e-01 1.62000000e+06
5.22340136e+00 8.95514292e-01 -2.86511896e-01 1.62000000e+06
5.21197731e+00 9.60555501e-01 -3.44140777e-01 1.62000000e+06
5.21363615e+00 1.02967689e+00 -4.01034990e-01 1.62000000e+06
5.22040519e+00 1.10092556e+00 -4.57676011e-01 1.62000000e+06
5.20848802e+00 1.16811299e+00 -5.15310214e-01 1.62000000e+06
5.17439521e+00 1.22782083e+00 -5.76123715e-01 1.62000000e+06
5.14525744e+00 1.28239080e+00 -6.42351790e-01 1.62000000e+06
5.14688490e+00 1.33476935e+00 -7.14624023e-01 1.62000000e+06
5.17328542e+00 1.38256553e+00 -7.91086599e-01 1.62000000e+06
5.20015515e+00 1.41974244e+00 -8.68355006e-01 1.62000000e+06
5.22252974e+00 1.44332875e+00 -9.43461512e-01 1.62000000e+06
5.26191108e+00 1.45531148e+00 -1.01491304e+00 1.62000000e+06
5.33199545e+00 1.45713756e+00 -1.08209715e+00 1.62000000e+06
5.41314113e+00 1.44560168e+00 -1.14418680e+00 1.62000000e+06
5.47525667e+00 1.41739444e+00 -1.20001263e+00 1.62000000e+06
5.51905852e+00 1.37662652e+00 -1.24878919e+00 1.62000000e+06
5.57617358e+00 1.33397667e+00 -1.29027605e+00 1.62000000e+06
5.66497006e+00 1.29704694e+00 -1.32372237e+00 1.62000000e+06
5.76357751e+00 1.26434441e+00 -1.34679309e+00 1.62000000e+06
5.84010403e+00 1.23123031e+00 -1.35609844e+00 1.62000000e+06
5.89863579e+00 1.19970381e+00 -1.34922340e+00 1.62000000e+06
5.97378576e+00 1.17806677e+00 -1.32635561e+00 1.62000000e+06
6.07812623e+00 1.17058045e+00 -1.28997935e+00 1.62000000e+06
6.17753621e+00 1.17202221e+00 -1.24318720e+00 1.62000000e+06
6.23477304e+00 1.17586529e+00 -1.18842959e+00 1.62000000e+06
6.26348965e+00 1.18500514e+00 -1.12758381e+00 1.62000000e+06
6.31274562e+00 1.20868991e+00 -1.06247952e+00 1.62000000e+06
6.39658476e+00 1.24804206e+00 -9.94700662e-01 1.62000000e+06
6.46737882e+00 1.29024061e+00 -9.24797389e-01 1.62000000e+06
6.47950510e+00 1.32163615e+00 -8.52078414e-01 1.62000000e+06
6.46129145e+00 1.34360187e+00 -7.75524824e-01 1.62000000e+06
6.48752402e+00 1.36846781e+00 -6.94958542e-01 1.62000000e+06
6.57480244e+00 1.39878639e+00 -6.11274114e-01 1.62000000e+06
6.64128295e+00 1.41844319e+00 -5.25663703e-01 1.62000000e+06
6.60614750e+00 1.41196701e+00 -4.38847100e-01 1.62000000e+06
6.51703343e+00 1.39022570e+00 -3.51073588e-01 1.62000000e+06
6.52995922e+00 1.38644946e+00 -2.62596997e-01 1.62000000e+06
6.73366959e+00 1.42002133e+00 -1.73874131e-01 1.62000000e+06
7.01614339 1.46840259 -0.0853189 0.0 1 Modular 
6.84780103e+00 2.28972981e+00 3.92353405e-02 1.62000000e+06
6.70065101e+00 2.26419957e+00 1.23463324e-01 1.62000000e+06
6.40886761e+00 2.18819672e+00 2.06378754e-01 1.62000000e+06
6.19313580e+00 2.13400581e+00 2.89348688e-01 1.62000000e+06
6.16136222e+00 2.13626848e+00 3.72898149e-01 1.62000000e+06
6.22853450e+00 2.16575842e+00 4.56194931e-01 1.62000000e+06
6.24523298e+00 2.17280597e+00 5.37934799e-01 1.62000000e+06
6.16604744e+00 2.14351198e+00 6.17495592e-01 1.62000000e+06
6.06834314e+00 2.10523165e+00 6.95127450e-01 1.62000000e+06
6.03006140e+00 2.08479777e+00 7.71188654e-01 1.62000000e+06
6.03519591e+00 2.07663199e+00 8.45475126e-01 1.62000000e+06
6.01321539e+00 2.05643096e+00 9.17383582e-01 1.62000000e+06
5.93903959e+00 2.01535642e+00 9.86537964e-01 1.62000000e+06
5.85796342e+00 1.96882225e+00 1.05301399e+00 1.62000000e+06
5.81555623e+00 1.93307620e+00 1.11692765e+00 1.62000000e+06
5.79690858e+00 1.90462619e+00 1.17799070e+00 1.62000000e+06
5.75345733e+00 1.86877959e+00 1.23560647e+00 1.62000000e+06
5.67127708e+00 1.82200482e+00 1.28931210e+00 1.62000000e+06
5.58541282e+00 1.77650552e+00 1.33893249e+00 1.62000000e+06
5.52700203e+00 1.74278771e+00 1.38425036e+00 1.62000000e+06
5.48120797e+00 1.71602755e+00 1.42467559e+00 1.62000000e+06
5.41187621e+00 1.68435415e+00 1.45938785e+00 1.62000000e+06
5.31344172e+00 1.64573149e+00 1.48776771e+00 1.62000000e+06
5.21688315e+00 1.60960419e+00 1.50953793e+00 1.62000000e+06
5.14508250e+00 1.58236250e+00 1.52444277e+00 1.62000000e+06
5.08266533e+00 1.55800571e+00 1.53193457e+00 1.62000000e+06
5.00098411e+00 1.52655416e+00 1.53133315e+00 1.62000000e+06
4.90021896e+00 1.48722533e+00 1.52227851e+00 1.62000000e+06
4.80919744e+00 1.44770613e+00 1.50489404e+00 1.62000000e+06
4.74541651e+00 1.41171229e+00 1.47946622e+00 1.62000000e+06
4.69267667e+00 1.37363086e+00 1.44609355e+00 1.62000000e+06
4.62621197e+00 1.32804482e+00 1.40477468e+00 1.62000000e+06
4.54782397e+00 1.27993451e+00 1.35577703e+00 1.62000000e+06
4.48184851e+00 1.24009055e+00 1.29973708e+00 1.62000000e+06
4.44012641e+00 1.21137643e+00 1.23734526e+00 1.62000000e+06
4.40706865e+00 1.18479038e+00 1.16909539e+00 1.62000000e+06
4.36498536e+00 1.15096579e+00 1.09551561e+00 1.62000000e+06
4.32177900e+00 1.11160767e+00 1.01759065e+00 1.62000000e+06
4.30096063e+00 1.07584985e+00 9.36745474e-01 1.62000000e+06
4.30893531e+00 1.04744667e+00 8.54352786e-01 1.62000000e+06
4.32684531e+00 1.02064656e+00 7.71479646e-01 1.62000000e+06
4.33837202e+00 9.89516132e-01 6.89357763e-01 1.62000000e+06
4.35322431e+00 9.56627349e-01 6.09980814e-01 1.62000000e+06
4.39258917e+00 9.28883669e-01 5.35741845e-01 1.62000000e+06
4.45754030e+00 9.07307079e-01 4.68015976e-01 1.62000000e+06
4.52568930e+00 8.86177415e-01 4.06026479e-01 1.62000000e+06
4.58080692e+00 8.62992026e-01 3.47337012e-01 1.62000000e+06
4.63309070e+00 8.44676968e-01 2.89614297e-01 1.62000000e+06
4.70137784e+00 8.40552062e-01 2.31837775e-01 1.62000000e+06
4.78306522e+00 8.51533626e-01 1.73783934e-01 1.62000000e+06
4.85479815e+00 8.70721930e-01 1.14755063e-01 1.62000000e+06
4.90264036e+00 8.94570290e-01 5.35460362e-02 1.62000000e+06
4.93828824e+00 9.28825676e-01 -9.88750440e-03 1.62000000e+06
4.97849596e+00 9.80712870e-01 -7.29867530e-02 1.62000000e+06
5.01849330e+00 1.04816719e+00 -1.31574465e-01 1.62000000e+06
5.03918195e+00 1.12100661e+00 -1.82984661e-01 1.62000000e+06
5.03848404e+00 1.19215599e+00 -2.28500631e-01 1.62000000e+06
5.04035671e+00 1.26330924e+00 -2.72630182e-01 1.62000000e+06
5.06521536e+00 1.33803205e+00 -3.19788143e-01 1.62000000e+06
5.10139117e+00 1.41352066e+00 -3.71389156e-01 1.62000000e+06
5.11862393e+00 1.48370873e+00 -4.25625462e-01 1.62000000e+06
5.10717407e+00 1.54916001e+00 -4.79372280e-01 1.62000000e+06
5.08993516e+00 1.61847078e+00 -5.29999690e-01 1.62000000e+06
5.09182739e+00 1.69773461e+00 -5.75948214e-01 1.62000000e+06
5.10970468e+00 1.78217253e+00 -6.16924756e-01 1.62000000e+06
5.12389922e+00 1.86158024e+00 -6.54754659e-01 1.62000000e+06
5.13234616e+00 1.93170759e+00 -6.94125729e-01 1.62000000e+06
5.15608731e+00 1.99527540e+00 -7.41299676e-01 1.62000000e+06
5.20754166e+00 2.05184666e+00 -8.00388917e-01 1.62000000e+06
5.26911822e+00 2.09294325e+00 -8.69699038e-01 1.62000000e+06
5.31668639e+00 2.11167081e+00 -9.41545946e-01 1.62000000e+06
5.35622442e+00 2.11368967e+00 -1.00635506e+00 1.62000000e+06
5.41854928e+00 2.11172839e+00 -1.05805137e+00 1.62000000e+06
5.51484242e+00 2.10840293e+00 -1.09654557e+00 1.62000000e+06
5.61515428e+00 2.09110173e+00 -1.12572515e+00 1.62000000e+06
5.68477277e+00 2.04890622e+00 -1.14916434e+00 1.62000000e+06
5.73167791e+00 1.99086724e+00 -1.16718683e+00 1.62000000e+06
5.79742893e+00 1.94007811e+00 -1.17703555e+00 1.62000000e+06
5.89969386e+00 1.90892174e+00 -1.17503989e+00 1.62000000e+06
6.00510949e+00 1.88730474e+00 -1.15858140e+00 1.62000000e+06
6.07345685e+00 1.85996169e+00 -1.12677016e+00 1.62000000e+06
6.11400838e+00 1.82982862e+00 -1.08026474e+00 1.62000000e+06
6.17254163e+00 1.81521638e+00 -1.02098413e+00 1.62000000e+06
6.26227362e+00 1.82400137e+00 -9.51789081e-01 1.62000000e+06
6.33643417e+00 1.84106849e+00 -8.75843578e-01 1.62000000e+06
6.34956022e+00 1.84863967e+00 -7.95813483e-01 1.62000000e+06
6.32797851e+00 1.85271367e+00 -7.13515702e-01 1.62000000e+06
6.34398361e+00 1.87673413e+00 -6.30254873e-01 1.62000000e+06
6.41462812e+00 1.92692044e+00 -5.47249937e-01 1.62000000e+06
6.46234413e+00 1.97644352e+00 -4.65404822e-01 1.62000000e+06
6.41062454e+00 1.99621515e+00 -3.84569577e-01 1.62000000e+06
6.30671433e+00 1.99753878e+00 -3.03323190e-01 1.62000000e+06
6.30181851e+00 2.02814614e+00 -2.19967140e-01 1.62000000e+06
6.48145550e+00 2.11654138e+00 -1.34055383e-01 1.62000000e+06
6.73713991 2.22795632 -0.0469577 0.0 1 Modular 
6.57423724e+00 2.83402376e+00 3.46378796e-02 1.62000000e+06
6.41481882e+00 2.80888328e+00 1.11164921e-01 1.62000000e+06
6.11662962e+00 2.72144131e+00 1.85892007e-01 1.62000000e+06
5.89173097e+00 2.66246605e+00 2.60488011e-01 1.62000000e+06
5.84353973e+00 2.67735425e+00 3.35543110e-01 1.62000000e+06
5.89009918e+00 2.73149485e+00 4.10260064e-01 1.62000000e+06
5.88768309e+00 2.76292042e+00 4.83462619e-01 1.62000000e+06
5.79282188e+00 2.75255387e+00 5.54805853e-01 1.62000000e+06
5.68041077e+00 2.73241270e+00 6.24902796e-01 1.62000000e+06
5.62592571e+00 2.73471361e+00 6.94378417e-01 1.62000000e+06
5.61396006e+00 2.75242899e+00 7.63005729e-01 1.62000000e+06
5.57582706e+00 2.75614081e+00 8.29777847e-01 1.62000000e+06
5.48611093e+00 2.73627119e+00 8.93605076e-01 1.62000000e+06
5.38755806e+00 2.71317260e+00 9.53807684e-01 1.62000000e+06
5.32440401e+00 2.70656036e+00 1.01014643e+00 1.62000000e+06
5.28400470e+00 2.70902533e+00 1.06278787e+00 1.62000000e+06
5.22210393e+00 2.69757635e+00 1.11243228e+00 1.62000000e+06
5.12784767e+00 2.66376384e+00 1.16025043e+00 1.62000000e+06
5.03707636e+00 2.62100816e+00 1.20728490e+00 1.62000000e+06
4.98110279e+00 2.58252719e+00 1.25366031e+00 1.62000000e+06
4.94585675e+00 2.54298583e+00 1.29834552e+00 1.62000000e+06
4.89524728e+00 2.48844142e+00 1.33969005e+00 1.62000000e+06
4.82113378e+00 2.41832819e+00 1.37613712e+00 1.62000000e+06
4.74979471e+00 2.34798383e+00 1.40644145e+00 1.62000000e+06
4.70022523e+00 2.28919238e+00 1.42944226e+00 1.62000000e+06
4.65608667e+00 2.23665683e+00 1.44397835e+00 1.62000000e+06
4.58965364e+00 2.17849342e+00 1.44921283e+00 1.62000000e+06
4.50124166e+00 2.11476940e+00 1.44497224e+00 1.62000000e+06
4.41804975e+00 2.05799444e+00 1.43163098e+00 1.62000000e+06
4.35595772e+00 2.01581901e+00 1.40965869e+00 1.62000000e+06
4.29942852e+00 1.98071714e+00 1.37936184e+00 1.62000000e+06
4.22676142e+00 1.94050300e+00 1.34103977e+00 1.62000000e+06
4.14314183e+00 1.89416875e+00 1.29520714e+00 1.62000000e+06
4.07444136e+00 1.85123992e+00 1.24249907e+00 1.62000000e+06
4.03164512e+00 1.81701184e+00 1.18338572e+00 1.62000000e+06
3.99685259e+00 1.78542718e+00 1.11813242e+00 1.62000000e+06
3.94991110e+00 1.74918169e+00 1.04711455e+00 1.62000000e+06
3.89706510e+00 1.71153949e+00 9.71095705e-01 1.62000000e+06
3.86142027e+00 1.68234778e+00 8.91104160e-01 1.62000000e+06
3.85007271e+00 1.66394127e+00 8.08064298e-01 1.62000000e+06
3.84523073e+00 1.64728244e+00 7.22656731e-01 1.62000000e+06
3.83130095e+00 1.62399043e+00 6.35583655e-01 1.62000000e+06
3.81841431e+00 1.59723905e+00 5.47905006e-01 1.62000000e+06
3.82863904e+00 1.57626982e+00 4.61031847e-01 1.62000000e+06
3.86492945e+00 1.56269472e+00 3.76380544e-01 1.62000000e+06
3.90736300e+00 1.54827797e+00 2.95080664e-01 1.62000000e+06
3.94183802e+00 1.52719221e+00 2.18070756e-01 1.62000000e+06
3.97994743e+00 1.50486931e+00 1.46518410e-01 1.62000000e+06
4.04159797e+00 1.49039449e+00 8.21448531e-02 1.62000000e+06
4.12539959e+00 1.48307037e+00 2.69714199e-02 1.62000000e+06
4.20929591e+00 1.47253094e+00 -1.76930939e-02 1.62000000e+06
4.28046645e+00 1.45298828e+00 -5.25944720e-02 1.62000000e+06
4.35149767e+00 1.43231922e+00 -8.11991286e-02 1.62000000e+06
4.43949924e+00 1.42376475e+00 -1.08779460e-01 1.62000000e+06
4.53815027e+00 1.43193835e+00 -1.40102589e-01 1.62000000e+06
4.62307535e+00 1.45190861e+00 -1.77246569e-01 1.62000000e+06
4.68314171e+00 1.48084759e+00 -2.19256380e-01 1.62000000e+06
4.73269741e+00 1.52403692e+00 -2.63857194e-01 1.62000000e+06
4.78697997e+00 1.58612595e+00 -3.09562298e-01 1.62000000e+06
4.83657018e+00 1.66091434e+00 -3.56228843e-01 1.62000000e+06
4.85932101e+00 1.73585523e+00 -4.03824912e-01 1.62000000e+06
4.85434519e+00 1.80627829e+00 -4.51040058e-01 1.62000000e+06
4.84895137e+00 1.87955227e+00 -4.95350931e-01 1.62000000e+06
4.86585041e+00 1.96299521e+00 -5.34396949e-01 1.62000000e+06
4.89467739e+00 2.05246110e+00 -5.67171973e-01 1.62000000e+06
4.90783520e+00 2.13785401e+00 -5.94072978e-01 1.62000000e+06
4.89938256e+00 2.21759694e+00 -6.16309838e-01 1.62000000e+06
4.89301065e+00 2.30083479e+00 -6.35576758e-01 1.62000000e+06
4.90851103e+00 2.39354447e+00 -6.53885848e-01 1.62000000e+06
4.93523069e+00 2.48837849e+00 -6.72785441e-01 1.62000000e+06
4.95125735e+00 2.57347725e+00 -6.92098034e-01 1.62000000e+06
4.96077075e+00 2.64809836e+00 -7.09652746e-01 1.62000000e+06
4.99382946e+00 2.72201741e+00 -7.23073637e-01 1.62000000e+06
5.06571228e+00 2.79840408e+00 -7.32436345e-01 1.62000000e+06
5.15319762e+00 2.86474416e+00 -7.41114709e-01 1.62000000e+06
5.22444483e+00 2.90653971e+00 -7.53570220e-01 1.62000000e+06
5.28267875e+00 2.92580341e+00 -7.71946276e-01 1.62000000e+06
5.36046804e+00 2.93741020e+00 -7.94626711e-01 1.62000000e+06
5.46948881e+00 2.94663392e+00 -8.17825273e-01 1.62000000e+06
5.57710752e+00 2.93957145e+00 -8.38147733e-01 1.62000000e+06
5.64776493e+00 2.90247279e+00 -8.53447413e-01 1.62000000e+06
5.69429876e+00 2.84483809e+00 -8.61678567e-01 1.62000000e+06
5.76341480e+00 2.79239521e+00 -8.59826269e-01 1.62000000e+06
5.86875667e+00 2.75616845e+00 -8.44602136e-01 1.62000000e+06
5.96471468e+00 2.71961408e+00 -8.14209032e-01 1.62000000e+06
6.00565645e+00 2.66452237e+00 -7.69170358e-01 1.62000000e+06
6.01430549e+00 2.60228218e+00 -7.11450414e-01 1.62000000e+06
6.05786367e+00 2.56478821e+00 -6.43089299e-01 1.62000000e+06
6.15126218e+00 2.56202323e+00 -5.65840233e-01 1.62000000e+06
6.21885777e+00 2.56373665e+00 -4.81763020e-01 1.62000000e+06
6.18553004e+00 2.53777447e+00 -3.93557052e-01 1.62000000e+06
6.09456918e+00 2.50164395e+00 -3.04011279e-01 1.62000000e+06
6.08983117e+00 2.51604168e+00 -2.15252873e-01 1.62000000e+06
6.25398840e+00 2.61519387e+00 -1.28649188e-01 1.62000000e+06
6.48524309 2.75266632 -0.0451688 0.0 1 Modular 
6.18909080e+00 3.54199421e+00 -3.44705140e-02 1.62000000e+06
6.07922400e+00 3.42269582e+00 3.83679171e-02 1.62000000e+06
5.82958228e+00 3.24101795e+00 1.17310977e-01 1.62000000e+06
5.63831761e+00 3.11235020e+00 1.98573213e-01 1.62000000e+06
5.60350843e+00 3.09157478e+00 2.78883170e-01 1.62000000e+06
5.65048996e+00 3.13218542e+00 3.56199171e-01 1.62000000e+06
5.64620216e+00 3.15414200e+00 4.29479598e-01 1.62000000e+06
5.55036766e+00 3.13218021e+00 4.97958623e-01 1.62000000e+06
5.43315103e+00 3.10566403e+00 5.60631360e-01 1.62000000e+06
5.36575472e+00 3.11454155e+00 6.16388087e-01 1.62000000e+06
5.33484174e+00 3.14953145e+00 6.64637926e-01 1.62000000e+06
5.27729373e+00 3.17242672e+00 7.05763558e-01 1.62000000e+06
5.17052706e+00 3.16872437e+00 7.40846875e-01 1.62000000e+06
5.05603787e+00 3.16168429e+00 7.70852649e-01 1.62000000e+06
4.97665337e+00 3.17632905e+00 7.96159804e-01 1.62000000e+06
4.92081623e+00 3.20677454e+00 8.17112718e-01 1.62000000e+06
4.84560503e+00 3.22805862e+00 8.35142761e-01 1.62000000e+06
4.73846417e+00 3.23031249e+00 8.53149001e-01 1.62000000e+06
4.63135572e+00 3.22715165e+00 8.74353004e-01 1.62000000e+06
4.55364098e+00 3.23082410e+00 9.00408249e-01 1.62000000e+06
4.49322865e+00 3.23232160e+00 9.30486108e-01 1.62000000e+06
4.41770155e+00 3.21373641e+00 9.62231980e-01 1.62000000e+06
4.32146521e+00 3.17307742e+00 9.93679555e-01 1.62000000e+06
4.23254832e+00 3.12596001e+00 1.02435371e+00 1.62000000e+06
4.17284788e+00 3.08318639e+00 1.05475124e+00 1.62000000e+06
4.12946581e+00 3.03686834e+00 1.08501044e+00 1.62000000e+06
4.07522044e+00 2.97395902e+00 1.11411338e+00 1.62000000e+06
4.00626633e+00 2.89681958e+00 1.14008262e+00 1.62000000e+06
3.94370302e+00 2.82163200e+00 1.16060842e+00 1.62000000e+06
3.89977674e+00 2.75771293e+00 1.17349852e+00 1.62000000e+06
3.85877274e+00 2.69719575e+00 1.17695916e+00 1.62000000e+06
3.79937532e+00 2.62870475e+00 1.16993370e+00 1.62000000e+06
3.72539468e+00 2.55467287e+00 1.15232065e+00 1.62000000e+06
3.66085220e+00 2.48808501e+00 1.12468640e+00 1.62000000e+06
3.61690195e+00 2.43460914e+00 1.08760502e+00 1.62000000e+06
3.57750680e+00 2.38634665e+00 1.04133564e+00 1.62000000e+06
3.52326122e+00 2.33556544e+00 9.86247545e-01 1.62000000e+06
3.45896789e+00 2.28753334e+00 9.23453087e-01 1.62000000e+06
3.40664514e+00 2.25313664e+00 8.54752078e-01 1.62000000e+06
3.37535606e+00 2.23164302e+00 7.81809535e-01 1.62000000e+06
3.35110870e+00 2.20880670e+00 7.05486076e-01 1.62000000e+06
3.31997128e+00 2.17409252e+00 6.26085390e-01 1.62000000e+06
3.28995425e+00 2.13359102e+00 5.44124862e-01 1.62000000e+06
3.28001132e+00 2.10091644e+00 4.60590415e-01 1.62000000e+06
3.29247010e+00 2.07896132e+00 3.76379971e-01 1.62000000e+06
3.30900510e+00 2.05767180e+00 2.91777529e-01 1.62000000e+06
3.31618704e+00 2.03000783e+00 2.06765470e-01 1.62000000e+06
3.32403605e+00 2.00283863e+00 1.21788164e-01 1.62000000e+06
3.35098939e+00 1.98746452e+00 3.78738208e-02 1.62000000e+06
3.39681875e+00 1.98383985e+00 -4.41396108e-02 1.62000000e+06
3.44233269e+00 1.98129800e+00 -1.24215476e-01 1.62000000e+06
3.47641504e+00 1.97450516e+00 -2.02568615e-01 1.62000000e+06
3.51181667e+00 1.97134154e+00 -2.78470036e-01 1.62000000e+06
3.56711300e+00 1.98114357e+00 -3.49916385e-01 1.62000000e+06
3.64055939e+00 2.00030940e+00 -4.14696773e-01 1.62000000e+06
3.71312667e+00 2.01635183e+00 -4.71579169e-01 1.62000000e+06
3.77614494e+00 2.02485614e+00 -5.20114046e-01 1.62000000e+06
3.84359353e+00 2.03477588e+00 -5.59407905e-01 1.62000000e+06
3.93106270e+00 2.05407826e+00 -5.87837328e-01 1.62000000e+06
4.03153983e+00 2.07668207e+00 -6.04764408e-01 1.62000000e+06
4.12321183e+00 2.09083993e+00 -6.12696588e-01 1.62000000e+06
4.19853666e+00 2.09838740e+00 -6.17208099e-01 1.62000000e+06
4.27266645e+00 2.11714261e+00 -6.23992132e-01 1.62000000e+06
4.35849752e+00 2.16098777e+00 -6.35537960e-01 1.62000000e+06
4.44415368e+00 2.22372125e+00 -6.50541405e-01 1.62000000e+06
4.50637528e+00 2.28874699e+00 -6.66429943e-01 1.62000000e+06
4.54189861e+00 2.35132965e+00 -6.82282323e-01 1.62000000e+06
4.57184022e+00 2.42264421e+00 -6.99296307e-01 1.62000000e+06
4.61181324e+00 2.51048067e+00 -7.18751281e-01 1.62000000e+06
4.65035921e+00 2.60472753e+00 -7.39921511e-01 1.62000000e+06
4.66767830e+00 2.68926608e+00 -7.60048921e-01 1.62000000e+06
4.66832999e+00 2.76394341e+00 -7.76071625e-01 1.62000000e+06
4.67907343e+00 2.84474529e+00 -7.86179059e-01 1.62000000e+06
4.71180504e+00 2.94063243e+00 -7.89941197e-01 1.62000000e+06
4.74415846e+00 3.03962096e+00 -7.87506715e-01 1.62000000e+06
4.74902487e+00 3.12496824e+00 -7.79070406e-01 1.62000000e+06
4.73460926e+00 3.19932736e+00 -7.64986773e-01 1.62000000e+06
4.73742003e+00 3.28149985e+00 -7.45900640e-01 1.62000000e+06
4.77435581e+00 3.37831821e+00 -7.22344789e-01 1.62000000e+06
4.82029358e+00 3.47124718e+00 -6.94150428e-01 1.62000000e+06
4.84569793e+00 3.53898138e+00 -6.60498602e-01 1.62000000e+06
4.86341450e+00 3.58598463e+00 -6.20890210e-01 1.62000000e+06
4.91538350e+00 3.63520372e+00 -5.76338521e-01 1.62000000e+06
5.01216336e+00 3.69214120e+00 -5.29714433e-01 1.62000000e+06
5.11041408e+00 3.73114078e+00 -4.84761510e-01 1.62000000e+06
5.16808487e+00 3.72807883e+00 -4.44323400e-01 1.62000000e+06
5.20641578e+00 3.69747833e+00 -4.08965254e-01 1.62000000e+06
5.28635726e+00 3.67867255e+00 -3.76940892e-01 1.62000000e+06
5.41898515e+00 3.68208830e+00 -3.45501064e-01 1.62000000e+06
5.53151729e+00 3.66788520e+00 -3.12533857e-01 1.62000000e+06
5.55310817e+00 3.59581796e+00 -2.77275316e-01 1.62000000e+06
5.52397400e+00 3.49008397e+00 -2.39615775e-01 1.62000000e+06
5.57736499e+00 3.43021703e+00 -1.98757048e-01 1.62000000e+06
5.78813494e+00 3.46340055e+00 -1.52564924e-01 1.62000000e+06
6.05820306 3.53740286 -0.0983416 0.0 1 Modular 
end
