Problem type:
least_squares
nparams:
8
function_evaluation,seconds,x(0),x(1),x(2),x(3),x(4),x(5),x(6),x(7)
     0,  8.6526e+00,  0.0000000000000000e+00,  0.0000000000000000e+00,  2.0000000000000001e-01,  0.0000000000000000e+00,  0.0000000000000000e+00,  0.0000000000000000e+00,  2.0000000000000001e-01,  0.0000000000000000e+00
     1,  8.6527e+00,  9.9999999999999995e-08,  0.0000000000000000e+00,  2.0000000000000001e-01,  0.0000000000000000e+00,  0.0000000000000000e+00,  0.0000000000000000e+00,  2.0000000000000001e-01,  0.0000000000000000e+00
     2,  8.6527e+00,  0.0000000000000000e+00,  9.9999999999999995e-08,  2.0000000000000001e-01,  0.0000000000000000e+00,  0.0000000000000000e+00,  0.0000000000000000e+00,  2.0000000000000001e-01,  0.0000000000000000e+00
     3,  8.6527e+00,  0.0000000000000000e+00,  0.0000000000000000e+00,  2.0000010000000001e-01,  0.0000000000000000e+00,  0.0000000000000000e+00,  0.0000000000000000e+00,  2.0000000000000001e-01,  0.0000000000000000e+00
     4,  8.6527e+00,  0.0000000000000000e+00,  0.0000000000000000e+00,  2.0000000000000001e-01,  9.9999999999999995e-08,  0.0000000000000000e+00,  0.0000000000000000e+00,  2.0000000000000001e-01,  0.0000000000000000e+00
     5,  8.6527e+00,  0.0000000000000000e+00,  0.0000000000000000e+00,  2.0000000000000001e-01,  0.0000000000000000e+00,  9.9999999999999995e-08,  0.0000000000000000e+00,  2.0000000000000001e-01,  0.0000000000000000e+00
     6,  8.6528e+00,  0.0000000000000000e+00,  0.0000000000000000e+00,  2.0000000000000001e-01,  0.0000000000000000e+00,  0.0000000000000000e+00,  9.9999999999999995e-08,  2.0000000000000001e-01,  0.0000000000000000e+00
     7,  8.6528e+00,  0.0000000000000000e+00,  0.0000000000000000e+00,  2.0000000000000001e-01,  0.0000000000000000e+00,  0.0000000000000000e+00,  0.0000000000000000e+00,  2.0000010000000001e-01,  0.0000000000000000e+00
     8,  8.6528e+00,  0.0000000000000000e+00,  0.0000000000000000e+00,  2.0000000000000001e-01,  0.0000000000000000e+00,  0.0000000000000000e+00,  0.0000000000000000e+00,  2.0000000000000001e-01,  9.9999999999999995e-08
