1.740505263422137394e-04
1.711177077906594511e-04
1.684125972746988557e-04
1.658611779261098568e-04
1.634380022985576280e-04
1.611065600959050114e-04
1.588731685750773405e-04
1.567161572891713744e-04
1.546280147850090164e-04
1.526035990193427166e-04
1.506372037366495006e-04
1.487280817932046858e-04
1.468627604298219664e-04
1.450426255869955480e-04
1.432741512066762599e-04
1.415522594688991686e-04
1.398748810636681863e-04
1.382340667756878352e-04
1.366276776050883910e-04
1.350572478520685991e-04
1.335215251105446171e-04
1.320174450010556510e-04
1.305458271424730086e-04
1.291081527245654004e-04
1.276991766208047312e-04
1.263148535566160230e-04
1.249550414917579449e-04
1.236206360548417296e-04
1.223105900242949515e-04
1.210239885395790753e-04
1.197605833344730160e-04
1.185183434716803027e-04
1.172982050463646810e-04
1.160997177960795064e-04
1.149200528981064723e-04
1.137597632519838926e-04
1.126184643432859745e-04
1.114961543346775158e-04
1.103903132423060681e-04
1.093008991081138891e-04
1.082299278367703427e-04
1.071776561925976486e-04
1.061412990053094705e-04
1.051198924032126003e-04
1.041131581708924916e-04
1.031221888965499654e-04
1.021451663798653348e-04
1.011840495517080048e-04
1.002366810489649384e-04
9.930351515639321898e-05
9.838273514609615961e-05
9.747449540993851811e-05
9.657768106672471209e-05
9.569242957658761746e-05
9.482008285132621284e-05
9.395945125584943217e-05
9.311066259969689280e-05
9.227283447095826205e-05
9.144564141179341863e-05
9.062910078779685280e-05
8.982308381935855547e-05
8.902810683345273096e-05
8.824404842936800974e-05
8.746971629519946349e-05
8.670519500800989341e-05
8.594983733644963461e-05
8.520444225327839785e-05
8.446775133587905394e-05
8.374012009817202945e-05
8.302064792278382661e-05
8.230914717386893144e-05
8.160728439133961305e-05
8.091417567400101295e-05
8.022913748839715286e-05
7.955250833907665658e-05
7.888299449133001986e-05
7.822104851666767517e-05
7.756692637683565655e-05
7.692144815398182448e-05
7.628286443807966958e-05
7.565086434011098165e-05
7.502613464528723908e-05
7.440834935482246529e-05
7.379736261409154327e-05
7.319286521404053602e-05
7.259521395253063793e-05
7.200404280599283756e-05
7.141974332992113636e-05
7.084170028806852234e-05
7.026931609813498621e-05
6.970274503151779346e-05
6.914234595653010265e-05
6.858751411075719316e-05
6.803796882736913218e-05
6.749409038546937394e-05
6.695591234488656768e-05
6.642300074431987283e-05
6.589552061890689065e-05
6.537388290968133202e-05
6.485771368499131909e-05
6.434678338082755683e-05
6.384095433821339316e-05
6.334004257348872043e-05
6.284399114381126507e-05
6.235280277747650834e-05
6.186672242371052746e-05
6.138514844747598720e-05
6.090824961840899163e-05
6.043621073775904599e-05
5.996863838685965005e-05
5.950559433104028132e-05
5.904681842222925573e-05
5.859164246142459101e-05
5.814042668479561181e-05
5.769386444267156285e-05
5.725190106451545966e-05
5.681437303474449411e-05
5.638107433426257589e-05
5.595174365713633869e-05
5.552589944140375662e-05
5.510374504494128668e-05
5.468530410392049429e-05
5.427073576280411064e-05
5.385978768325161881e-05
5.345228494907018786e-05
5.304860487012224874e-05
5.264832837451594830e-05
5.225151516974667023e-05
5.185801538948914578e-05
5.146794345195344992e-05
5.108135825872564485e-05
5.069834998209830988e-05
5.031843150783067600e-05
4.994168971009609851e-05
4.956794793818848372e-05
4.919723854930158573e-05
4.882933155615180599e-05
4.846418324788275147e-05
4.810176567925503112e-05
4.774237660839165313e-05
4.738611885755979083e-05
4.703281053241660151e-05
4.668213592034806077e-05
4.633438327956555011e-05
4.598948997567981725e-05
4.564736332125890711e-05
4.530773005545694313e-05
4.497048000191385852e-05
4.463567583795527671e-05
4.430326612874454259e-05
4.397359722478101640e-05
4.364647012848863096e-05
4.332170321663509726e-05
4.299934400936630786e-05
4.267961565966739396e-05
4.236225089048424245e-05
4.204724952816166856e-05
4.173454244481216926e-05
4.142407635285217033e-05
4.111584422447479392e-05
4.080995376836590952e-05
4.050654124102524584e-05
4.020529633993523514e-05
3.990618715855637384e-05
3.960918474727284541e-05
3.931443126441328342e-05
3.902170039904621977e-05
3.873111472494665048e-05
3.844277409419392569e-05
3.815640418671106300e-05
3.787215217333970399e-05
3.758996560915230431e-05
3.730979894242606983e-05
3.703161684476627701e-05
3.675533334098843460e-05
3.648101826606606706e-05
3.620875678599031611e-05
3.593842716041396103e-05
3.566981236896349427e-05
3.540302714797061167e-05
3.513808596249930010e-05
3.487487050580891443e-05
3.461335316931012367e-05
3.435368074656507651e-05
3.409576886046585865e-05
3.383956519120066381e-05
3.358502929566722857e-05
3.333227041790171985e-05
3.308131479090918402e-05
3.283206496210137887e-05
3.258448951884968225e-05
3.233875497169774900e-05
3.209460342622826403e-05
3.185200588424958915e-05
3.161091239634107358e-05
3.137139101999399376e-05
3.113350019868134507e-05
3.089731260942353520e-05
3.066269209463484257e-05
3.042966068616248645e-05
3.019820855273685903e-05
2.996838487125235223e-05
2.973999852905987330e-05
2.951309625778656564e-05
2.928772016391532112e-05
2.906371223159749035e-05
2.884115216345177805e-05
2.862005399016465470e-05
2.840043706871211692e-05
2.818224657844484933e-05
2.796549920773482939e-05
2.775022153983932682e-05
2.753637246041313011e-05
2.732394740251358321e-05
2.711294348066180910e-05
2.690316179001382005e-05
2.669471114546335716e-05
2.648775176374659299e-05
2.628227863656444404e-05
2.607821620777053535e-05
2.587537481498780893e-05
2.567395547824292886e-05
2.547394090355702411e-05
2.527533811672154571e-05
2.507816556637201995e-05
2.488236495258808810e-05
2.468776840591350283e-05
2.449444191776940319e-05
2.430235577984367809e-05
2.411152274457017156e-05
2.392198975445987847e-05
2.373386626759788119e-05
2.354700882278730871e-05
2.336147616078966318e-05
2.317724022288804141e-05
2.299412270443968123e-05
2.281219958663427592e-05
2.263146128054701410e-05
2.245198203139546451e-05
2.227361420084715950e-05
2.209646701440295570e-05
2.192045562703761810e-05
2.174564095239121160e-05
2.157194668941883359e-05
2.139935307243875085e-05
2.122793757137531235e-05
2.105766385777775885e-05
2.088866073911531464e-05
2.072065404942376312e-05
2.055377559222663385e-05
2.038813556004482320e-05
2.022358313762382361e-05
2.006020821695715228e-05
1.989790433279816311e-05
1.973682121161636686e-05
1.957692328382597358e-05
1.941802933799034611e-05
1.926024912748644410e-05
1.910357444790728208e-05
1.894794371912220332e-05
1.879337591451331807e-05
1.863976027373905745e-05
1.848735368038566587e-05
1.833597972484781900e-05
1.818559931409919841e-05
1.803634443809113487e-05
1.788814709340117887e-05
1.774104751967651267e-05
1.759495725616650640e-05
1.744989295418815996e-05
1.730582671618404025e-05
1.716278279314340858e-05
1.702075416702251585e-05
1.687973385569886066e-05
1.673961611719266158e-05
1.660054675925768481e-05
1.646243425468304746e-05
1.632529666153885426e-05
1.618927394042020041e-05
1.605427351908499800e-05
1.592004481846317349e-05
1.578683774483035561e-05
1.565467930279208666e-05
1.552352593674002110e-05
1.539319750081069872e-05
1.526380288002417236e-05
1.513529833932036032e-05
1.500767462315841153e-05
1.488101385814551559e-05
1.475519769902496545e-05
1.463023442825504932e-05
1.450613966626869623e-05
1.438301727474965884e-05
1.426074340119618627e-05
1.413938239738220168e-05
1.401907012482871819e-05
1.389963488953558455e-05
1.378113243311806823e-05
1.366344753082121682e-05
1.354665958141629473e-05
1.343065863717035844e-05
1.331547669164056790e-05
1.320108481759548025e-05
1.308749127389114606e-05
1.297465697974768144e-05
1.286272025711140580e-05
1.275164660355976488e-05
1.264140162503982841e-05
1.253203140271649312e-05
1.242351763722198538e-05
1.231586160140730770e-05
1.220907512627188011e-05
1.210316525110778818e-05
1.199813025530965376e-05
1.189385023657139579e-05
1.179030471866591102e-05
1.168751596964101434e-05
1.158553093372992022e-05
1.148425685612716641e-05
1.138376341062313271e-05
1.128404434067517017e-05
1.118509015758300562e-05
1.108693345370999552e-05
1.098952884688247896e-05
1.089287200962810196e-05
1.079702221848733961e-05
1.070183700809868967e-05
1.060738474723292910e-05
1.051364784495630944e-05
1.042063146419832389e-05
1.032831442168264288e-05
1.023676361557944149e-05
1.014593357594996191e-05
1.005570262162706294e-05
9.966166495807276274e-06
9.877370872024557051e-06
9.789244298134821157e-06
9.701745510927905881e-06
9.614942241807359054e-06
9.528858758676822573e-06
9.443455120205637707e-06
9.358663636726822542e-06
9.274556221039223142e-06
9.191092889768199498e-06
9.108294502788019594e-06
9.026166301607985553e-06
8.944739163666564919e-06
8.864004365935010681e-06
8.783819459729419926e-06
8.704264810829787219e-06
8.625389791510224227e-06
8.547112672592853706e-06
8.469410685062989894e-06
8.392382117736693918e-06
8.315864925252569983e-06
8.240004433291242300e-06
8.164713268947953749e-06
8.090134294403465451e-06
8.016169539216127387e-06
7.942738094133407377e-06
7.869872209056417596e-06
7.797606343989745641e-06
7.725986085327651447e-06
7.654859199002270984e-06
7.584238948121597078e-06
7.514216836668922743e-06
7.444788457850825342e-06
7.375860660084609266e-06
7.307465259480811683e-06
7.239633282163415873e-06
7.172343516187607438e-06
7.105570106955427727e-06
7.039295622682242783e-06
6.973577460981116149e-06
6.908451726488325948e-06
6.843779378152164350e-06
6.779758635577606014e-06
6.716260760796567922e-06
6.653391999604881469e-06
6.591069728609721179e-06
6.529085689768817032e-06
6.467581474256241074e-06
6.406657971242403156e-06
6.346221485574129327e-06
6.286119532791077911e-06
6.226603615145900480e-06
6.167544529620136419e-06
6.109040043546219327e-06
6.050983442668090496e-06
5.993324265733574686e-06
5.936099731882619118e-06
5.879436329769509053e-06
5.823274980226072337e-06
5.767617630555101618e-06
5.712298167273006500e-06
5.657384421181363686e-06
5.602948527075325500e-06
5.549005151193056903e-06
5.495460902895473907e-06
5.442427328874729872e-06
5.389853185342698266e-06
5.337731502502381040e-06
5.285925351441519129e-06
5.234678924109271731e-06
5.183783359081140372e-06
5.133180938564555432e-06
5.083098659738173955e-06
5.033432635307416067e-06
4.984191733880545850e-06
4.935441732721049903e-06
4.887086447698029520e-06
4.838967368977640306e-06
4.791224041017111163e-06
4.744000016880809949e-06
4.697182741723968875e-06
4.650673542006149622e-06
4.604590464045002076e-06
4.558895325631386374e-06
4.513515486181908501e-06
4.468613750134098008e-06
4.424141358313218403e-06
4.380076987799850942e-06
4.336398352092984368e-06
4.293120540856422305e-06
4.250187719604138210e-06
4.207561652151969968e-06
4.165217900692324579e-06
4.123191624224665192e-06
4.081565399909569785e-06
4.040336008057471455e-06
3.999439888625995513e-06
3.958855591500054227e-06
3.918670411164031939e-06
3.878804944263278346e-06
3.839333792721634378e-06
3.800213030700544204e-06
3.761412545797889979e-06
3.722970146630303571e-06
3.684826926522947886e-06
3.647033711561343957e-06
3.609536500209725540e-06
3.572208068805108115e-06
3.535336367054879425e-06
3.498802215754346318e-06
3.462603722668860677e-06
3.426674800373846263e-06
3.391037628226943772e-06
3.355804944694787517e-06
3.320923509965987168e-06
3.286385601986187079e-06
3.252138009021892288e-06
3.218147290865527029e-06
3.184464719756841925e-06
3.151053116165540695e-06
3.117962767236377865e-06
3.085225781669800139e-06
3.052785181596807289e-06
3.020513002020658363e-06
2.988627176045105743e-06
2.957071865032204971e-06
2.925792104470157659e-06
2.894749374735448807e-06
2.863973394365745722e-06
2.833508544319708912e-06
2.803300009132228032e-06
2.773368293100115125e-06
2.743712356359446497e-06
2.714339991282294812e-06
2.685303072232610141e-06
2.656620284171791834e-06
2.628144848805846749e-06
2.599768368135272963e-06
2.571719942491231679e-06
2.544001423389099715e-06
2.516507447576376675e-06
2.489292398567894710e-06
2.462354952015513395e-06
2.435603947518357108e-06
2.409127473953331736e-06
2.382938702073569131e-06
2.356992987909480154e-06
2.331328921939471144e-06
2.305914034008857108e-06
2.280738439897631548e-06
2.255878238163182501e-06
2.231230494368495113e-06
2.206855191294124755e-06
2.182700432621236154e-06
2.158746571280431254e-06
2.135086165155639129e-06
2.111685325598097654e-06
2.088540562038495067e-06
2.065362810507450387e-06
2.042543173098541001e-06
2.019965644933525205e-06
1.997627629290680429e-06
1.975581625244605252e-06
1.953782808039383787e-06
1.932111926029058266e-06
1.910652773984662116e-06
1.890526916932347335e-06
