1.740505263422137123e-04
1.726380287077321240e-04
1.713623178236915083e-04
1.701589309584416901e-04
1.690074184491743348e-04
1.679216386472949269e-04
1.668798851881832365e-04
1.658713333811573409e-04
1.649035579141781979e-04
1.639650968755988986e-04
1.630567603301569810e-04
1.621728560924543374e-04
1.613098529881159008e-04
1.604656504604899301e-04
1.596404608230260155e-04
1.588354123891191298e-04
1.580463231196479112e-04
1.572730348113771256e-04
1.565164450184685448e-04
1.557716892368292275e-04
1.550436914787347578e-04
1.543269396344182462e-04
1.536237710064951420e-04
1.529303196738414762e-04
1.522521836127832269e-04
1.515835297711179538e-04
1.509257169044569643e-04
1.502780672303138726e-04
1.496383128099052634e-04
1.490063421087434907e-04
1.483849923350787677e-04
1.477718098349362985e-04
1.471674668340728861e-04
1.465729052916378019e-04
1.459846750321191675e-04
1.454052869473112977e-04
1.448365107591738810e-04
1.442754903828618641e-04
1.437206995431842161e-04
1.431711624230150759e-04
1.426280244859767538e-04
1.420895823497779118e-04
1.415564511158737260e-04
1.410268848293891623e-04
1.405035275231448697e-04
1.399875943217781518e-04
1.394765791001853711e-04
1.389707820127369616e-04
1.384694130492710883e-04
1.379733225634567953e-04
1.374808769296802030e-04
1.369919530428873825e-04
1.365081153006304814e-04
1.360298753543665961e-04
1.355561672241022424e-04
1.350861991050387719e-04
1.346203003802682208e-04
1.341587401417658812e-04
1.337025659041196006e-04
1.332510131343661011e-04
1.328031105422017440e-04
1.323594105025265543e-04
1.319197222945450655e-04
1.314838439870324440e-04
1.310517565489944885e-04
1.306246392885937436e-04
1.302007005124412604e-04
1.297807767606264898e-04
1.293655694898928168e-04
1.289533160965562752e-04
1.285450765337214007e-04
1.281414782397875796e-04
1.277415112754318313e-04
1.273454918084183799e-04
1.269525395362520201e-04
1.265628681653071803e-04
1.261774791061749483e-04
1.257954257025744801e-04
1.254156975462053720e-04
1.250394011900628265e-04
1.246659488618187474e-04
1.242956962202249602e-04
1.239289621665214071e-04
1.235652623627042754e-04
1.232040851559109633e-04
1.228458115495502519e-04
1.224894484809215748e-04
1.221358455422602541e-04
1.217848154868191566e-04
1.214363686190900123e-04
1.210905695528546346e-04
1.207471626886830017e-04
1.204053111049246147e-04
1.200661977440130573e-04
1.197293079256439726e-04
1.193946064988104995e-04
1.190623276924989695e-04
1.187323931055012631e-04
1.184054827353977596e-04
1.180807425454443159e-04
1.177581234563826424e-04
1.174376696192506672e-04
1.171192246564215324e-04
1.168031940292242463e-04
1.164890484665912569e-04
1.161774528563352992e-04
1.158688651156036212e-04
1.155626227377689740e-04
1.152580342680439011e-04
1.149552711741448386e-04
1.146542266626457689e-04
1.143549696978488702e-04
1.140576932790956805e-04
1.137623972242432301e-04
1.134688463058711454e-04
1.131771262439537580e-04
1.128874545377228818e-04
1.125994676703434750e-04
1.123133792501344506e-04
1.120287252696425663e-04
1.117460450609285370e-04
1.114647208600721029e-04
1.111845181987301129e-04
1.109069187130132288e-04
1.106311514090231010e-04
1.103566595939843695e-04
1.100832379801870801e-04
1.098113456741754641e-04
1.095411377392849846e-04
1.092727960409217583e-04
1.090061547491242606e-04
1.087410293534451247e-04
1.084776489749184942e-04
1.082154337805150951e-04
1.079545016165649391e-04
1.076949373757083881e-04
1.074371566193092997e-04
1.071807574515588185e-04
1.069254251524689048e-04
1.066714547697688627e-04
1.064188554971646014e-04
1.061679755273365927e-04
1.059182797616828255e-04
1.056697178046735771e-04
1.054222143918415275e-04
1.051757873307874482e-04
1.049305701134672046e-04
1.046870141837466479e-04
1.044449153365731303e-04
1.042039023002137307e-04
1.039642668735548265e-04
1.037259585208987617e-04
1.034888797166154812e-04
1.032529653532019104e-04
1.030179785937497419e-04
1.027840384327400334e-04
1.025512497908336214e-04
1.023197075325178111e-04
1.020891856343105944e-04
1.018599477117195006e-04
1.016319054090056935e-04
1.014045922369242629e-04
1.011781449208807963e-04
1.009526819160171210e-04
1.007282111327703806e-04
1.005048377324148357e-04
1.002824789308036661e-04
1.000612082785937835e-04
9.984089944622659798e-05
9.962157492048357593e-05
9.940306624043448037e-05
9.918559893374475603e-05
9.896914397194004937e-05
9.875355042304826683e-05
9.853880088588751326e-05
9.832477700534870946e-05
9.811161376655846099e-05
9.789932019892651541e-05
9.768781297307147307e-05
9.747709929858677054e-05
9.726758100451666253e-05
9.705899011669896098e-05
9.685108383924718838e-05
9.664401365206556709e-05
9.643801705509927682e-05
9.623276941109670714e-05
9.602817686340649824e-05
9.582430556401884002e-05
9.562115452109365887e-05
9.541901733832800067e-05
9.521786731670796181e-05
9.501747295174456929e-05
9.481790754748839684e-05
9.461919128682766921e-05
9.442110308508999358e-05
9.422400438982996864e-05
9.402778982739737280e-05
9.383225452496445128e-05
9.363744422853152141e-05
9.344334258525539068e-05
9.324997340419813503e-05
9.305741059450467196e-05
9.286555222477972454e-05
9.267451527664034004e-05
9.248418588635042459e-05
9.229464543429117184e-05
9.210596866504598852e-05
9.191789091303274037e-05
9.173054974482636658e-05
9.154396692338488001e-05
9.135814634282699140e-05
9.117303546067602427e-05
9.098863003134372268e-05
9.080478114117075607e-05
9.062160050828495586e-05
9.043910366377334506e-05
9.025740362005213490e-05
9.007657287166707862e-05
8.989639507995560229e-05
8.971703152904366666e-05
8.953847406445325659e-05
8.936062444000411077e-05
8.918347284926491389e-05
8.900692615708283707e-05
8.883099828887318524e-05
8.865581526403807950e-05
8.848137955179882622e-05
8.830766845867677806e-05
8.813463763242920421e-05
8.796244234200193085e-05
8.779105846303988361e-05
8.762048938714461018e-05
8.745058910462587807e-05
8.728149339944566950e-05
8.711307838172652868e-05
8.694546198641791375e-05
8.677864380325638093e-05
8.661282823814803124e-05
8.644765480396167075e-05
8.628323702513962827e-05
8.611960238507147781e-05
8.595662655899208272e-05
8.579410989105262309e-05
8.563218706568874092e-05
8.547088765758382317e-05
8.531041934310536006e-05
8.515073303236311776e-05
8.499183424434667206e-05
8.483364607878659972e-05
8.467604827890482726e-05
8.451916221003893427e-05
8.436299926669872749e-05
8.420756352964994796e-05
8.405266462116923066e-05
8.389840652176505100e-05
8.374487301214483760e-05
8.359189722777668713e-05
8.343968846845688464e-05
8.328812554355777427e-05
8.313712663187957036e-05
8.298708584319783549e-05
8.283781517750281765e-05
8.268938956857240885e-05
8.254184451313469745e-05
8.239485430204834435e-05
8.224853320564207680e-05
8.210275092119005084e-05
8.195758686072294227e-05
8.181318088084373432e-05
8.166961601262764708e-05
8.152674675868146713e-05
8.138435421731286248e-05
8.124245121271674551e-05
8.110106398275749575e-05
8.096023420239097145e-05
8.081998629533487311e-05
8.068033598876157278e-05
8.054132047257045099e-05
8.040280126228500381e-05
8.026497183603227841e-05
8.012795850958675181e-05
7.999160157197932411e-05
7.985581289908163941e-05
7.972056216358974290e-05
7.958603724552383769e-05
7.945221104008670307e-05
7.931907826624140588e-05
7.918630367975322971e-05
7.905392159260266397e-05
7.892202827575264411e-05
7.879065198072888207e-05
7.865988006311905290e-05
7.852972493374872479e-05
7.839998448235026176e-05
7.827063951519308809e-05
7.814198135637156844e-05
7.801390693655160227e-05
7.788629868057543636e-05
7.775915105313392119e-05
7.763244704625262796e-05
7.750618873681946693e-05
7.738038432727154003e-05
7.725503294565735620e-05
7.713018722134313968e-05
7.700586545477727319e-05
7.688205365091492830e-05
7.675881501334157740e-05
7.663606922395873493e-05
7.651376048019756346e-05
7.639186523161804960e-05
7.627060177084494651e-05
7.614978070977898908e-05
7.602932646521369498e-05
7.590925327366807810e-05
7.578962052123114812e-05
7.567055570472053325e-05
7.555197611129870492e-05
7.543390495381246898e-05
7.531635149785512293e-05
7.519918086716608884e-05
7.508242784157370317e-05
7.496610259647981461e-05
7.485025111030964610e-05
7.473489452567417504e-05
7.461990776509076924e-05
7.450533413149577932e-05
7.439118048732162121e-05
7.427739891330007783e-05
7.416398950900332803e-05
7.405093785735076465e-05
7.393814571443762282e-05
7.382570638348820717e-05
7.371357682971740454e-05
7.360182561145706451e-05
7.349042416877435316e-05
7.337937861917286889e-05
7.326872227252639186e-05
7.315841532851572663e-05
7.304847971151463447e-05
7.293888772235487957e-05
7.282968855336969291e-05
7.272080536819492606e-05
7.261236106703724646e-05
7.250429341554283467e-05
7.239652702924559229e-05
7.228909003327135059e-05
7.218210432482350032e-05
7.207552330831329878e-05
7.196921176265137473e-05
7.186318998101275969e-05
7.175749259632393097e-05
7.165222994082381198e-05
7.154727216837939796e-05
7.144264800880459983e-05
7.133837646740928955e-05
7.123442366673567552e-05
7.113083458853660442e-05
7.102757555010130806e-05
7.092463508638602830e-05
7.082205701321745090e-05
7.071985372863974213e-05
7.061798609728437218e-05
7.051642788747221292e-05
7.041513701452141493e-05
7.031416319585269675e-05
7.021352133860515302e-05
7.011315136893607350e-05
7.001305282482952108e-05
6.991330878061207484e-05
6.981390346796075388e-05
6.971472550272757307e-05
6.961579114859803980e-05
6.951721998826575493e-05
6.941900240008302872e-05
6.932101579765050992e-05
6.922323010375972029e-05
6.912567388628736175e-05
6.902837682702484218e-05
6.893139233930252018e-05
6.883472398938629002e-05
6.873828163283927407e-05
6.864214553769619075e-05
6.854634034386790635e-05
6.845082750390361285e-05
6.835568379275770549e-05
6.826079944110206279e-05
6.816619847084598373e-05
6.807185487694801854e-05
6.797792321220839896e-05
6.788432712582365136e-05
6.779098576490386789e-05
6.769791890488757811e-05
6.760512016425810190e-05
6.751254809628138719e-05
6.742020381076638822e-05
6.732815205928687743e-05
6.723633419170503501e-05
6.714482697211034427e-05
6.705360147991841274e-05
6.696265931363584582e-05
6.687195433377593522e-05
6.678145553066175833e-05
6.669116957791684233e-05
6.660112443156622822e-05
6.651141435895850890e-05
6.642195961723144145e-05
6.633273939426047338e-05
6.624370365295028794e-05
6.615487145275288625e-05
6.606625338897808121e-05
6.597787692943638319e-05
6.588975375187916875e-05
6.580185360793225217e-05
6.571417499966195259e-05
6.562675476279753394e-05
6.553962663719307361e-05
6.545273106026276461e-05
6.536608359007305233e-05
6.527971199850080312e-05
6.519364466446217737e-05
6.510784696562647010e-05
6.502229883326657853e-05
6.493696288781725286e-05
6.485188780562988126e-05
6.476707330392487245e-05
6.468249936434685842e-05
6.459811810010603658e-05
6.451400268383847519e-05
6.443016944086208926e-05
6.434656076287097648e-05
6.426315349434191587e-05
6.417995145606917435e-05
6.409701316570917066e-05
6.401430940175042311e-05
6.393182525412855117e-05
6.384959745703443928e-05
6.376760075683048676e-05
6.368576220413356003e-05
6.360418025283469498e-05
6.352280742156217908e-05
6.344163239429948843e-05
6.336066871059277557e-05
6.327992463747310250e-05
6.319940679214584227e-05
6.311909263511605265e-05
6.303899048935850287e-05
6.295909150001727109e-05
6.287946773071962606e-05
6.280012727748674926e-05
6.272102730713421297e-05
6.264218470105631668e-05
6.256359274216927559e-05
6.248518866518824465e-05
6.240698126302450142e-05
6.232896171295326858e-05
6.225112315285588475e-05
6.217349896960188576e-05
6.209605410009810919e-05
6.201880262310685381e-05
6.194175603238371967e-05
6.186493560858002017e-05
6.178831077558432901e-05
6.171191851442504742e-05
6.163576745761400859e-05
6.155985024443545652e-05
6.148411676563090601e-05
6.140858884539826925e-05
6.133327731238968948e-05
6.125815099125688022e-05
6.118321735262643004e-05
6.110845869657967333e-05
6.103389528298949778e-05
6.095951819449040693e-05
6.088532525187058625e-05
6.081134774340223400e-05
6.073759488816815664e-05
6.066403309331221659e-05
6.059066777124829842e-05
6.051748278984364957e-05
6.044446109669860979e-05
6.037160706582611749e-05
6.029898825201523982e-05
6.022657159914628631e-05
6.015435791923337528e-05
6.008230881026057810e-05
6.001048576978340333e-05
5.993883542180399515e-05
5.986744641737455771e-05
5.979626100497241074e-05
5.972524574989402822e-05
5.965447395496223333e-05
5.958390370481602604e-05
5.951351684163005859e-05
5.944331554450356467e-05
5.937331021097870586e-05
5.930345255002342030e-05
5.923376836656716319e-05
5.916428190804370727e-05
5.909498431060424966e-05
5.902589958381330916e-05
5.896385305067825005e-05
